MagX, MagY, MagZ, AccX, AccY, AccZ, GyroX, GyroY, GyroZ, Temp, Pres, Yaw, Pitch, Roll, DCM1, DCM2, DCM3, DCM4, DCM5, DCM6, DCM7, DCM8, DCM9, MagNED1, MagNED2, MagNED3, AccNED1, AccNED2, ACCNED3, 
-8.801926e-02,-8.046056e-02,4.127348e-01,-1.198585e+00,-2.383474e+00,-9.384514e+00,-1.880512e-04,-4.760557e-06,-3.673203e-03,1.945568e+01,1.020880e+02,1.359274e+02,-7.078407e+00,1.422944e+01,-7.129835e-01,-6.524665e-01,2.567923e-01,6.902679e-01,-7.174851e-01,9.351771e-02,1.232275e-01,2.439321e-01,9.619316e-01,2.590049e-01,-1.438595e-04,4.172589e-01,-1.630783e-04,5.144417e-03,-9.756364e+00,
-8.742000e-02,-8.091349e-02,4.119786e-01,-1.213807e+00,-2.379391e+00,-9.379348e+00,-6.041114e-04,7.542774e-05,-3.614123e-03,1.945719e+01,1.020880e+02,1.359215e+02,-7.086995e+00,1.422820e+01,-7.128990e-01,-6.525195e-01,2.568914e-01,6.903283e-01,-7.174453e-01,9.337544e-02,1.233762e-01,2.439067e-01,9.619188e-01,2.586849e-01,5.138777e-04,4.163941e-01,8.446932e-03,-6.642520e-03,-9.752275e+00,
-8.741257e-02,-8.027881e-02,4.121835e-01,-1.203881e+00,-2.375387e+00,-9.389611e+00,9.139181e-05,2.632258e-04,-3.799650e-03,1.946111e+01,1.021040e+02,1.359222e+02,-7.086718e+00,1.422683e+01,-7.129081e-01,-6.525177e-01,2.568713e-01,6.903200e-01,-7.174549e-01,9.336470e-02,1.233715e-01,2.438839e-01,9.619253e-01,2.582730e-01,3.625825e-05,4.167876e-01,-3.683805e-03,-3.488481e-03,-9.759948e+00,
-8.732507e-02,-8.115549e-02,4.121133e-01,-1.205439e+00,-2.376027e+00,-9.394076e+00,-7.602406e-04,-1.849982e-04,-3.704857e-03,1.946500e+01,1.021040e+02,1.359194e+02,-7.088521e+00,1.421972e+01,-7.128708e-01,-6.525798e-01,2.568168e-01,6.903528e-01,-7.174392e-01,9.324185e-02,1.234027e-01,2.437636e-01,9.619517e-01,2.587878e-01,7.247813e-04,4.165063e-01,-2.687216e-03,-3.444016e-03,-9.764591e+00,
-8.786547e-02,-8.066244e-02,4.122881e-01,-1.198176e+00,-2.378291e+00,-9.383922e+00,2.450498e-05,9.234415e-05,-3.635672e-03,1.946615e+01,1.020800e+02,1.359173e+02,-7.084496e+00,1.422071e+01,-7.128520e-01,-6.526138e-01,2.567829e-01,6.903847e-01,-7.174020e-01,9.329189e-02,1.233330e-01,2.437823e-01,9.619560e-01,2.588909e-01,-4.037842e-05,4.167601e-01,-3.402948e-03,3.544390e-03,-9.754479e+00,
-8.762553e-02,-8.068348e-02,4.124683e-01,-1.201032e+00,-2.378734e+00,-9.393879e+00,-5.546952e-04,1.562846e-04,-3.503118e-03,1.947082e+01,1.021040e+02,1.359136e+02,-7.082119e+00,1.421855e+01,-7.128113e-01,-6.526768e-01,2.567357e-01,6.904342e-01,-7.173565e-01,9.327618e-02,1.232918e-01,2.437474e-01,9.619702e-01,2.587455e-01,1.600347e-04,4.169922e-01,-3.090858e-03,9.415746e-04,-9.764519e+00,
-8.782780e-02,-8.041878e-02,4.124450e-01,-1.201093e+00,-2.379458e+00,-9.386619e+00,7.238313e-05,-1.595846e-04,-3.787586e-03,1.947375e+01,1.021040e+02,1.359117e+02,-7.081553e+00,1.422044e+01,-7.127897e-01,-6.526934e-01,2.567534e-01,6.904582e-01,-7.173305e-01,9.329811e-02,1.232820e-01,2.437794e-01,9.619633e-01,2.587140e-01,-1.996458e-04,4.170071e-01,-8.625984e-04,1.799345e-03,-9.757719e+00,
-8.833063e-02,-8.084206e-02,4.126321e-01,-1.198751e+00,-2.376130e+00,-9.384226e+00,-2.424082e-04,-1.114237e-04,-3.570742e-03,1.947735e+01,1.020880e+02,1.359089e+02,-7.079589e+00,1.421836e+01,-7.127585e-01,-6.527444e-01,2.567106e-01,6.904966e-01,-7.172957e-01,9.328225e-02,1.232480e-01,2.437455e-01,9.619762e-01,2.594445e-01,-2.432503e-04,4.170363e-01,-3.605366e-03,1.272976e-03,-9.754316e+00,
-8.787357e-02,-8.089384e-02,4.128228e-01,-1.200031e+00,-2.376871e+00,-9.389741e+00,-2.230903e-04,-9.268704e-05,-3.645194e-03,1.948037e+01,1.020960e+02,1.359085e+02,-7.078894e+00,1.421810e+01,-7.127543e-01,-6.527529e-01,2.566999e-01,6.905028e-01,-7.172891e-01,9.328511e-02,1.232359e-01,2.437414e-01,9.619787e-01,2.591721e-01,1.644976e-04,4.172892e-01,-3.509045e-03,3.558397e-04,-9.759959e+00,
-8.784541e-02,-8.126931e-02,4.123173e-01,-1.208349e+00,-2.381630e+00,-9.382860e+00,-8.817116e-05,-2.055674e-05,-3.515398e-03,1.948325e+01,1.020800e+02,1.359059e+02,-7.083089e+00,1.422064e+01,-7.127169e-01,-6.527608e-01,2.567836e-01,6.905285e-01,-7.172682e-01,9.325642e-02,1.233086e-01,2.437819e-01,9.619590e-01,2.593116e-01,4.121028e-04,4.166357e-01,6.480932e-03,-1.143813e-03,-9.755525e+00,
-8.781242e-02,-8.095495e-02,4.131581e-01,-1.201774e+00,-2.377059e+00,-9.383535e+00,-4.005345e-04,2.384474e-04,-3.878476e-03,1.948661e+01,1.020920e+02,1.359007e+02,-7.082504e+00,1.421961e+01,-7.126556e-01,-6.528320e-01,2.567733e-01,6.905937e-01,-7.172093e-01,9.322723e-02,1.232985e-01,2.437649e-01,9.619648e-01,2.592893e-01,2.490021e-04,4.176197e-01,-1.170158e-03,1.103282e-04,-9.754251e+00,
-8.757690e-02,-8.126536e-02,4.130742e-01,-1.205213e+00,-2.377280e+00,-9.380813e+00,1.221172e-04,-1.961363e-04,-3.733483e-03,1.948965e+01,1.020960e+02,1.358925e+02,-7.085933e+00,1.422155e+01,-7.125517e-01,-6.529152e-01,2.568500e-01,6.906903e-01,-7.171231e-01,9.317479e-02,1.233579e-01,2.437957e-01,9.619494e-01,2.593317e-01,6.210767e-04,4.174623e-01,1.476765e-03,-1.681507e-03,-9.752110e+00,
-8.745273e-02,-8.107396e-02,4.124505e-01,-1.199284e+00,-2.378774e+00,-9.382880e+00,-6.566871e-04,-1.772407e-04,-3.492686e-03,1.949206e+01,1.021080e+02,1.358895e+02,-7.084061e+00,1.421954e+01,-7.125174e-01,-6.529687e-01,2.568096e-01,6.907316e-01,-7.170856e-01,9.315762e-02,1.233254e-01,2.437629e-01,9.619619e-01,2.589007e-01,4.844107e-04,4.168828e-01,-1.837492e-03,3.314495e-03,-9.753733e+00,
-8.778827e-02,-8.134757e-02,4.126008e-01,-1.202081e+00,-2.384197e+00,-9.379957e+00,2.801224e-04,1.518533e-04,-3.677300e-03,1.949519e+01,1.020840e+02,1.358889e+02,-7.083634e+00,1.422867e+01,-7.125110e-01,-6.529362e-01,2.569095e-01,6.907394e-01,-7.170629e-01,9.327434e-02,1.233180e-01,2.439165e-01,9.619239e-01,2.594465e-01,5.127005e-04,4.168956e-01,3.424644e-03,4.385591e-03,-9.752588e+00,
-8.810060e-02,-8.076141e-02,4.125086e-01,-1.208183e+00,-2.382069e+00,-9.392268e+00,2.730792e-05,-3.918770e-04,-3.512051e-03,1.949693e+01,1.020960e+02,1.358918e+02,-7.088665e+00,1.422977e+01,-7.125386e-01,-6.528792e-01,2.569778e-01,6.906952e-01,-7.171094e-01,9.324238e-02,1.234052e-01,2.439321e-01,9.619087e-01,2.592760e-01,-2.025291e-04,4.168932e-01,2.475739e-03,-2.039909e-03,-9.764664e+00,
-8.788855e-02,-8.090531e-02,4.124361e-01,-1.203783e+00,-2.384289e+00,-9.389416e+00,3.496653e-04,-3.334289e-04,-3.708059e-03,1.949995e+01,1.020960e+02,1.358903e+02,-7.091009e+00,1.423497e+01,-7.125168e-01,-6.528676e-01,2.570677e-01,6.907105e-01,-7.170908e-01,9.327335e-02,1.234458e-01,2.440182e-01,9.618818e-01,2.592309e-01,7.591024e-05,4.167828e-01,6.246567e-04,2.503455e-03,-9.761919e+00,
-8.809646e-02,-8.152760e-02,4.131692e-01,-1.201317e+00,-2.379034e+00,-9.381732e+00,-5.003248e-04,-1.856958e-04,-3.645793e-03,1.950216e+01,1.020960e+02,1.358857e+02,-7.090456e+00,1.423291e+01,-7.124617e-01,-6.529365e-01,2.570451e-01,6.907690e-01,-7.170396e-01,9.323318e-02,1.234362e-01,2.439839e-01,9.618916e-01,2.600351e-01,4.540272e-04,4.173716e-01,-2.278090e-03,1.340032e-03,-9.752941e+00,
-8.774907e-02,-8.093960e-02,4.129372e-01,-1.202201e+00,-2.382122e+00,-9.387984e+00,-1.049080e-04,2.642187e-04,-3.739304e-03,1.950567e+01,1.020960e+02,1.358828e+02,-7.086267e+00,1.423393e+01,-7.124335e-01,-6.529808e-01,2.570109e-01,6.908112e-01,-7.169927e-01,9.328197e-02,1.233636e-01,2.440032e-01,9.618959e-01,2.592580e-01,2.444088e-04,4.173415e-01,-8.461475e-04,1.740456e-03,-9.759817e+00,
-8.772886e-02,-8.130258e-02,4.131075e-01,-1.201581e+00,-2.382002e+00,-9.385811e+00,-1.466203e-04,3.482646e-05,-3.424354e-03,1.950886e+01,1.020840e+02,1.358801e+02,-7.085759e+00,1.423585e+01,-7.124023e-01,-6.530070e-01,2.570310e-01,6.908448e-01,-7.169579e-01,9.330004e-02,1.233548e-01,2.440357e-01,9.618888e-01,2.595581e-01,5.652234e-04,4.174226e-01,-9.715557e-04,1.992047e-03,-9.757621e+00,
-8.751257e-02,-8.083683e-02,4.125755e-01,-1.203326e+00,-2.380488e+00,-9.377795e+00,-5.940482e-04,1.370774e-04,-3.682695e-03,1.951273e+01,1.020890e+02,1.358758e+02,-7.086257e+00,1.423421e+01,-7.123497e-01,-6.530667e-01,2.570255e-01,6.908978e-01,-7.169130e-01,9.325450e-02,1.233635e-01,2.440081e-01,9.618949e-01,2.588979e-01,2.762452e-04,4.170176e-01,1.474380e-03,7.057190e-04,-9.749759e+00,
-8.802208e-02,-8.160514e-02,4.123088e-01,-1.203093e+00,-2.381490e+00,-9.378782e+00,1.028535e-04,4.611458e-04,-3.637225e-03,1.951518e+01,1.020890e+02,1.358736e+02,-7.083889e+00,1.423759e+01,-7.123271e-01,-6.530861e-01,2.570390e-01,6.909283e-01,-7.168756e-01,9.331464e-02,1.233224e-01,2.440660e-01,9.618855e-01,2.597786e-01,4.890896e-04,4.164570e-01,1.601696e-03,8.037686e-04,-9.750924e+00,
-8.752295e-02,-8.147772e-02,4.127497e-01,-1.203740e+00,-2.380203e+00,-9.389344e+00,-7.334238e-04,3.589071e-05,-3.634928e-03,1.951811e+01,1.021010e+02,1.358700e+02,-7.083767e+00,1.423404e+01,-7.122836e-01,-6.531475e-01,2.570029e-01,6.909735e-01,-7.168397e-01,9.325545e-02,1.233203e-01,2.440065e-01,9.619008e-01,2.594020e-01,7.771887e-04,4.170371e-01,-1.061201e-03,-1.136005e-03,-9.760848e+00,
-8.804840e-02,-8.119116e-02,4.118255e-01,-1.210116e+00,-2.376017e+00,-9.388028e+00,1.552189e-04,4.055072e-04,-3.402296e-03,1.952013e+01,1.020890e+02,1.358715e+02,-7.086775e+00,1.423176e+01,-7.122964e-01,-6.531305e-01,2.570108e-01,6.909509e-01,-7.168689e-01,9.319830e-02,1.233724e-01,2.439667e-01,9.619042e-01,2.593508e-01,3.512949e-05,4.160619e-01,9.849072e-04,-7.786393e-03,-9.759348e+00,
-8.812726e-02,-8.036108e-02,4.120816e-01,-1.208207e+00,-2.382284e+00,-9.390954e+00,-4.701058e-04,-5.029757e-05,-3.702739e-03,1.952338e+01,1.020890e+02,1.358731e+02,-7.091074e+00,1.423118e+01,-7.123092e-01,-6.530999e-01,2.570534e-01,6.909246e-01,-7.169009e-01,9.314799e-02,1.234469e-01,2.439547e-01,9.618977e-01,2.589080e-01,-6.711669e-04,4.165329e-01,2.509832e-03,-1.666844e-03,-9.763456e+00,
-8.792420e-02,-8.103094e-02,4.116625e-01,-1.202639e+00,-2.387872e+00,-9.382786e+00,-2.282931e-04,1.965452e-04,-3.763181e-03,1.952682e+01,1.020890e+02,1.358710e+02,-7.088412e+00,1.423512e+01,-7.122875e-01,-6.531168e-01,2.570696e-01,6.909549e-01,-7.168623e-01,9.321879e-02,1.234008e-01,2.440221e-01,9.618864e-01,2.591176e-01,-4.954636e-06,4.159335e-01,4.154921e-03,6.153882e-03,-9.756274e+00,
-8.789127e-02,-8.129615e-02,4.116108e-01,-1.201383e+00,-2.376766e+00,-9.388412e+00,-3.920955e-04,2.681522e-04,-3.538487e-03,1.952919e+01,1.020890e+02,1.358683e+02,-7.086617e+00,1.423225e+01,-7.122584e-01,-6.531684e-01,2.570197e-01,6.909906e-01,-7.168315e-01,9.319204e-02,1.233697e-01,2.439750e-01,9.619024e-01,2.592440e-01,2.046339e-04,4.158267e-01,-4.883051e-03,-1.329064e-03,-9.758821e+00,
-8.791520e-02,-8.117368e-02,4.119210e-01,-1.202756e+00,-2.378618e+00,-9.379609e+00,-4.348347e-04,-1.579331e-04,-3.684815e-03,1.953238e+01,1.020810e+02,1.358679e+02,-7.087064e+00,1.423109e+01,-7.122525e-01,-6.531777e-01,2.570125e-01,6.909953e-01,-7.168298e-01,9.317031e-02,1.233774e-01,2.439552e-01,9.619065e-01,2.592590e-01,1.107566e-04,4.161870e-01,-3.504753e-04,6.496906e-05,-9.750976e+00,
-8.790229e-02,-8.095321e-02,4.117326e-01,-1.202916e+00,-2.379959e+00,-9.387071e+00,-1.494835e-04,1.972578e-04,-3.731981e-03,1.953487e+01,1.020890e+02,1.358660e+02,-7.086421e+00,1.423159e+01,-7.122315e-01,-6.532002e-01,2.570134e-01,6.910189e-01,-7.168062e-01,9.317586e-02,1.233663e-01,2.439639e-01,9.619056e-01,2.590363e-01,-7.476285e-05,4.160490e-01,-1.258612e-03,8.356571e-05,-9.758499e+00,
-8.772735e-02,-8.081914e-02,4.112882e-01,-1.204385e+00,-2.377037e+00,-9.382311e+00,-5.155878e-04,1.340994e-04,-3.623544e-03,1.953833e+01,1.020810e+02,1.358665e+02,-7.085638e+00,1.422784e+01,-7.122386e-01,-6.532134e-01,2.569604e-01,6.910141e-01,-7.168157e-01,9.314031e-02,1.233527e-01,2.439014e-01,9.619234e-01,2.586543e-01,-1.083687e-04,4.156527e-01,-3.607273e-04,-2.221525e-03,-9.753391e+00,
-8.795546e-02,-8.090185e-02,4.119292e-01,-1.200971e+00,-2.382977e+00,-9.382381e+00,1.311078e-05,8.209438e-05,-3.568306e-03,1.954167e+01,1.020930e+02,1.358650e+02,-7.084223e+00,1.423125e+01,-7.122226e-01,-6.532211e-01,2.569847e-01,6.910348e-01,-7.167887e-01,9.319280e-02,1.233282e-01,2.439594e-01,9.619117e-01,2.590834e-01,-1.309440e-04,4.162718e-01,8.409023e-04,3.808320e-03,-9.754486e+00,
-8.794434e-02,-8.048774e-02,4.112696e-01,-1.206520e+00,-2.371910e+00,-9.376188e+00,-4.968086e-04,5.172225e-04,-3.843984e-03,1.954600e+01,1.020930e+02,1.358677e+02,-7.086391e+00,1.422705e+01,-7.122520e-01,-6.531996e-01,2.569585e-01,6.909980e-01,-7.168328e-01,9.312704e-02,1.233658e-01,2.438878e-01,9.619251e-01,2.585809e-01,-5.395487e-04,4.156924e-01,-6.146431e-04,-6.616533e-03,-9.746515e+00,
-8.726440e-02,-8.158259e-02,4.123459e-01,-1.207740e+00,-2.379384e+00,-9.386867e+00,-4.121730e-04,-9.012799e-05,-3.496422e-03,1.954654e+01,1.021090e+02,1.358631e+02,-7.089488e+00,1.422568e+01,-7.121907e-01,-6.532546e-01,2.569879e-01,6.910514e-01,-7.167909e-01,9.305276e-02,1.234194e-01,2.438631e-01,9.619243e-01,2.591485e-01,9.066202e-04,4.166243e-01,2.174139e-03,-2.563953e-03,-9.758758e+00,
-8.795023e-02,-8.053365e-02,4.126711e-01,-1.199529e+00,-2.382246e+00,-9.386970e+00,-9.860913e-06,3.777568e-04,-3.683157e-03,1.954910e+01,1.020930e+02,1.358648e+02,-7.083984e+00,1.422807e+01,-7.122202e-01,-6.532391e-01,2.569460e-01,6.910381e-01,-7.167906e-01,9.315479e-02,1.233241e-01,2.439062e-01,9.619257e-01,2.590073e-01,-3.593899e-04,4.171674e-01,-1.439095e-03,4.209876e-03,-9.758543e+00,
-8.780613e-02,-8.049484e-02,4.116381e-01,-1.202927e+00,-2.382751e+00,-9.390018e+00,-4.276864e-04,3.182071e-04,-3.873890e-03,1.955265e+01,1.020930e+02,1.358602e+02,-7.083183e+00,1.422869e+01,-7.121652e-01,-6.532968e-01,2.569510e-01,6.910970e-01,-7.167341e-01,9.315106e-02,1.233102e-01,2.439170e-01,9.619246e-01,2.585733e-01,-3.996864e-04,4.161045e-01,5.524158e-04,1.769006e-03,-9.762015e+00,
-8.737395e-02,-8.100500e-02,4.128024e-01,-1.200228e+00,-2.376197e+00,-9.380224e+00,4.678574e-05,7.406531e-05,-3.546289e-03,1.955572e+01,1.020970e+02,1.358576e+02,-7.081477e+00,1.422894e+01,-7.121371e-01,-6.533330e-01,2.569373e-01,6.911314e-01,-7.166995e-01,9.316257e-02,1.232807e-01,2.439220e-01,9.619272e-01,2.589228e-01,4.490986e-04,4.172633e-01,-2.954960e-03,-3.814697e-04,-9.750664e+00,
-8.728071e-02,-8.016273e-02,4.121730e-01,-1.200801e+00,-2.381630e+00,-9.375689e+00,-4.790470e-04,-1.920396e-04,-3.423172e-03,1.955980e+01,1.020860e+02,1.358572e+02,-7.081606e+00,1.422876e+01,-7.121323e-01,-6.533383e-01,2.569376e-01,6.911361e-01,-7.166957e-01,9.315719e-02,1.232829e-01,2.439190e-01,9.619278e-01,2.580662e-01,-2.120994e-04,4.168361e-01,2.172947e-03,3.574193e-03,-9.747698e+00,
-8.711651e-02,-8.006971e-02,4.120223e-01,-1.205175e+00,-2.382221e+00,-9.377364e+00,2.627277e-04,3.252057e-04,-3.456604e-03,1.956207e+01,1.020860e+02,1.358560e+02,-7.082489e+00,1.423254e+01,-7.121159e-01,-6.533342e-01,2.569934e-01,6.911502e-01,-7.166780e-01,9.318860e-02,1.232982e-01,2.439821e-01,9.619099e-01,2.578517e-01,-1.644269e-04,4.167092e-01,4.690409e-03,4.655719e-04,-9.749995e+00,
-8.706125e-02,-8.076479e-02,4.122542e-01,-1.200487e+00,-2.377673e+00,-9.387445e+00,-5.423762e-04,1.621110e-04,-3.447995e-03,1.956359e+01,1.020970e+02,1.358549e+02,-7.080382e+00,1.423022e+01,-7.121059e-01,-6.533648e-01,2.569433e-01,6.911671e-01,-7.166630e-01,9.317923e-02,1.232617e-01,2.439442e-01,9.619241e-01,2.583510e-01,4.418790e-04,4.167896e-01,-3.679276e-03,-4.621744e-04,-9.758004e+00,
-8.685999e-02,-8.088072e-02,4.122835e-01,-1.206972e+00,-2.380765e+00,-9.380829e+00,1.177401e-04,2.288936e-05,-3.519192e-03,1.956572e+01,1.020970e+02,1.358509e+02,-7.084380e+00,1.423384e+01,-7.120523e-01,-6.533854e-01,2.570391e-01,6.912099e-01,-7.166243e-01,9.316018e-02,1.233310e-01,2.440029e-01,9.619004e-01,2.583240e-01,6.721839e-04,4.167925e-01,3.743649e-03,-2.076685e-03,-9.753193e+00,
-8.707761e-02,-8.103128e-02,4.125696e-01,-1.201793e+00,-2.377259e+00,-9.386704e+00,-5.898947e-04,1.017995e-04,-4.014489e-03,1.956738e+01,1.020970e+02,1.358452e+02,-7.082386e+00,1.422915e+01,-7.119861e-01,-6.534845e-01,2.569709e-01,6.912844e-01,-7.165604e-01,9.309898e-02,1.232964e-01,2.439251e-01,9.619246e-01,2.586497e-01,6.119125e-04,4.170466e-01,-2.948523e-03,-1.223385e-03,-9.757352e+00,
-8.764960e-02,-8.046632e-02,4.117271e-01,-1.200191e+00,-2.384551e+00,-9.381709e+00,-2.372000e-05,2.818734e-04,-3.622886e-03,1.956864e+01,1.020970e+02,1.358439e+02,-7.080668e+00,1.423341e+01,-7.119730e-01,-6.534868e-01,2.570009e-01,6.913030e-01,-7.165335e-01,9.316650e-02,1.232667e-01,2.439975e-01,9.619099e-01,2.584658e-01,-3.276616e-04,4.162211e-01,1.668453e-03,4.853964e-03,-9.754127e+00,
-8.722384e-02,-8.039402e-02,4.127085e-01,-1.207066e+00,-2.379540e+00,-9.386519e+00,-4.466341e-05,4.421459e-04,-3.792001e-03,1.957176e+01,1.020970e+02,1.358444e+02,-7.080938e+00,1.423460e+01,-7.119790e-01,-6.534740e-01,2.570169e-01,6.912960e-01,-7.165384e-01,9.318068e-02,1.232713e-01,2.440174e-01,9.619042e-01,2.583652e-01,4.769862e-05,4.173324e-01,1.878738e-03,-4.050076e-03,-9.758378e+00,
-8.746403e-02,-8.015649e-02,4.128015e-01,-1.201657e+00,-2.376808e+00,-9.384326e+00,-3.374234e-04,1.949285e-05,-3.668201e-03,1.957507e+01,1.020860e+02,1.358446e+02,-7.081031e+00,1.423218e+01,-7.119811e-01,-6.534822e-01,2.569901e-01,6.912935e-01,-7.165448e-01,9.315016e-02,1.232729e-01,2.439767e-01,9.619143e-01,2.583972e-01,-3.262721e-04,4.174692e-01,-2.919912e-03,-1.759470e-03,-9.754935e+00,
-8.726740e-02,-8.009090e-02,4.118889e-01,-1.204539e+00,-2.378252e+00,-9.386338e+00,-3.165718e-04,2.170024e-04,-3.573386e-03,1.957804e+01,1.020900e+02,1.358449e+02,-7.081327e+00,1.423019e+01,-7.119846e-01,-6.534862e-01,2.569705e-01,6.912890e-01,-7.165526e-01,9.312328e-02,1.232781e-01,2.439432e-01,9.619222e-01,2.579295e-01,-3.333874e-04,4.165529e-01,-2.431870e-04,-2.628446e-03,-9.757580e+00,
-8.743896e-02,-8.061748e-02,4.123294e-01,-1.199790e+00,-2.383920e+00,-9.387094e+00,-6.523067e-04,-9.483094e-05,-3.739629e-03,1.958180e+01,1.020900e+02,1.358424e+02,-7.080562e+00,1.422960e+01,-7.119555e-01,-6.535225e-01,2.569586e-01,6.913214e-01,-7.165227e-01,9.311362e-02,1.232648e-01,2.439337e-01,9.619263e-01,2.585601e-01,-1.440570e-05,4.168588e-01,4.720688e-05,4.626691e-03,-9.759104e+00,
-8.715593e-02,-8.029187e-02,4.124354e-01,-1.206974e+00,-2.375148e+00,-9.389392e+00,2.141080e-04,1.781015e-04,-3.689655e-03,1.958484e+01,1.020900e+02,1.358428e+02,-7.082252e+00,1.422842e+01,-7.119570e-01,-6.535185e-01,2.569649e-01,6.913146e-01,-7.165334e-01,9.308051e-02,1.232941e-01,2.439129e-01,9.619278e-01,2.581370e-01,-5.883723e-05,4.170950e-01,-1.227140e-03,-6.495357e-03,-9.760059e+00,
-8.712440e-02,-8.044545e-02,4.119404e-01,-1.204637e+00,-2.383373e+00,-9.390700e+00,-4.661188e-04,8.059644e-05,-3.681567e-03,1.958705e+01,1.020900e+02,1.358400e+02,-7.082458e+00,1.422847e+01,-7.119228e-01,-6.535528e-01,2.569725e-01,6.913493e-01,-7.165020e-01,9.306610e-02,1.232977e-01,2.439136e-01,9.619272e-01,2.580842e-01,2.212450e-05,4.165334e-01,2.116680e-03,9.102225e-04,-9.763037e+00,
-8.761366e-02,-8.135107e-02,4.110572e-01,-1.204030e+00,-2.385761e+00,-9.387201e+00,1.804079e-04,4.014291e-04,-3.596897e-03,1.958838e+01,1.020900e+02,1.358398e+02,-7.082473e+00,1.423432e+01,-7.119212e-01,-6.535282e-01,2.570396e-01,6.913509e-01,-7.164910e-01,9.313849e-02,1.232979e-01,2.440118e-01,9.619024e-01,2.588983e-01,3.062300e-04,4.152708e-01,3.453970e-03,2.659202e-03,-9.760180e+00,
-8.779509e-02,-8.062893e-02,4.112936e-01,-1.207201e+00,-2.378813e+00,-9.380404e+00,-4.921872e-04,1.450359e-04,-3.792471e-03,1.959022e+01,1.020900e+02,1.358392e+02,-7.084520e+00,1.423331e+01,-7.119109e-01,-6.535338e-01,2.570538e-01,6.913550e-01,-7.164920e-01,9.309937e-02,1.233334e-01,2.439939e-01,9.619023e-01,2.585936e-01,-3.955960e-04,4.156868e-01,2.785921e-03,-3.513932e-03,-9.752337e+00,
-8.763169e-02,-8.100720e-02,4.117622e-01,-1.208124e+00,-2.382511e+00,-9.377761e+00,-2.746369e-04,5.576646e-05,-3.388507e-03,1.959080e+01,1.020900e+02,1.358376e+02,-7.088183e+00,1.423509e+01,-7.118858e-01,-6.535348e-01,2.571208e-01,6.913697e-01,-7.164816e-01,9.307152e-02,1.233968e-01,2.440218e-01,9.618871e-01,2.588982e-01,5.928054e-05,4.160859e-01,5.882740e-03,-1.037538e-03,-9.750810e+00,
-8.778306e-02,-8.164301e-02,4.114980e-01,-1.204808e+00,-2.378467e+00,-9.383496e+00,-2.311085e-04,1.077166e-04,-3.426106e-03,1.959328e+01,1.020900e+02,1.358377e+02,-7.088744e+00,1.423388e+01,-7.118862e-01,-6.535372e-01,2.571136e-01,6.913676e-01,-7.164864e-01,9.305031e-02,1.234065e-01,2.440012e-01,9.618911e-01,2.593961e-01,4.090331e-04,4.156170e-01,-5.221367e-04,-1.963079e-03,-9.754930e+00,
-8.758378e-02,-8.139796e-02,4.106734e-01,-1.201271e+00,-2.378621e+00,-9.377925e+00,-2.993789e-04,-7.580587e-05,-3.473600e-03,1.959697e+01,1.020900e+02,1.358355e+02,-7.090236e+00,1.423264e+01,-7.118567e-01,-6.535665e-01,2.571211e-01,6.913934e-01,-7.164671e-01,9.300719e-02,1.234324e-01,2.439796e-01,9.618933e-01,2.588321e-01,2.581850e-04,4.148361e-01,-1.542807e-03,1.438498e-03,-9.749174e+00,
-8.728825e-02,-8.065936e-02,4.119376e-01,-1.204268e+00,-2.381564e+00,-9.386534e+00,7.544512e-05,1.506765e-04,-3.402186e-03,1.960084e+01,1.020940e+02,1.358346e+02,-7.089303e+00,1.423432e+01,-7.118474e-01,-6.535726e-01,2.571304e-01,6.914056e-01,-7.164515e-01,9.303513e-02,1.234162e-01,2.440082e-01,9.618880e-01,2.584306e-01,4.049763e-05,4.164103e-01,2.174377e-04,3.593564e-04,-9.758541e+00,
-8.783568e-02,-8.121954e-02,4.114475e-01,-1.199274e+00,-2.375031e+00,-9.378869e+00,-5.639312e-04,-8.933098e-06,-3.494021e-03,1.960450e+01,1.021020e+02,1.358335e+02,-7.086617e+00,1.423046e+01,-7.118381e-01,-6.536121e-01,2.570558e-01,6.914235e-01,-7.164370e-01,9.301332e-02,1.233697e-01,2.439449e-01,9.619100e-01,2.590903e-01,1.918525e-06,4.156877e-01,-4.855633e-03,-5.781651e-06,-9.748959e+00,
-8.778226e-02,-8.151270e-02,4.108253e-01,-1.207096e+00,-2.385028e+00,-9.384551e+00,1.950046e-04,-5.543721e-05,-3.445676e-03,1.960808e+01,1.020940e+02,1.358328e+02,-7.089907e+00,1.423582e+01,-7.118247e-01,-6.535868e-01,2.571577e-01,6.914273e-01,-7.164302e-01,9.303878e-02,1.234267e-01,2.440332e-01,9.618804e-01,2.591272e-01,2.208836e-04,4.149303e-01,4.753828e-03,9.602308e-04,-9.757831e+00,
-8.750968e-02,-8.179440e-02,4.103297e-01,-1.206363e+00,-2.381725e+00,-9.380610e+00,-4.930974e-04,1.734028e-04,-3.726459e-03,1.960929e+01,1.020940e+02,1.358281e+02,-7.091153e+00,1.423493e+01,-7.117659e-01,-6.536457e-01,2.571702e-01,6.914837e-01,-7.163817e-01,9.299193e-02,1.234483e-01,2.440175e-01,9.618815e-01,2.589781e-01,5.669855e-04,4.143659e-01,3.039122e-03,-2.771616e-04,-9.753142e+00,
-8.736866e-02,-8.100962e-02,4.110824e-01,-1.202118e+00,-2.379793e+00,-9.389031e+00,-2.514164e-07,1.240122e-04,-3.665494e-03,1.961163e+01,1.020940e+02,1.358278e+02,-7.089249e+00,1.423620e+01,-7.117653e-01,-6.536497e-01,2.571623e-01,6.914904e-01,-7.163706e-01,9.302877e-02,1.234153e-01,2.440399e-01,9.618801e-01,2.585127e-01,1.482032e-04,4.153946e-01,-3.328085e-03,1.105666e-04,-9.760247e+00,
-8.830150e-02,-8.112016e-02,4.110530e-01,-1.203452e+00,-2.380522e+00,-9.378970e+00,-3.153715e-04,1.997393e-04,-3.699355e-03,1.961413e+01,1.020820e+02,1.358262e+02,-7.088228e+00,1.423626e+01,-7.117487e-01,-6.536715e-01,2.571531e-01,6.915108e-01,-7.163503e-01,9.303458e-02,1.233976e-01,2.440413e-01,9.618821e-01,2.593095e-01,-4.788265e-04,4.152103e-01,8.034706e-04,5.191565e-04,-9.750913e+00,
-8.779266e-02,-8.100531e-02,4.109637e-01,-1.209457e+00,-2.382604e+00,-9.380019e+00,-3.106281e-04,1.565225e-04,-3.664488e-03,1.961675e+01,1.020870e+02,1.358247e+02,-7.092046e+00,1.423775e+01,-7.117237e-01,-6.536728e-01,2.572187e-01,6.915246e-01,-7.163411e-01,9.300154e-02,1.234637e-01,2.440644e-01,9.618677e-01,2.588304e-01,-2.091713e-04,4.151987e-01,5.526781e-03,-1.967788e-03,-9.753170e+00,
-8.759711e-02,-8.116280e-02,4.104226e-01,-1.204553e+00,-2.380982e+00,-9.381337e+00,2.377912e-04,1.470390e-04,-3.876663e-03,1.962096e+01,1.020820e+02,1.358213e+02,-7.093117e+00,1.424136e+01,-7.116816e-01,-6.536950e-01,2.572781e-01,6.915644e-01,-7.163002e-01,9.301912e-02,1.234823e-01,2.441244e-01,9.618499e-01,2.586610e-01,8.489937e-06,4.145954e-01,8.106232e-05,-1.716614e-04,-9.753435e+00,
-8.823711e-02,-8.126591e-02,4.105276e-01,-1.209813e+00,-2.377225e+00,-9.387197e+00,-4.291419e-04,-8.452909e-07,-3.514756e-03,1.962533e+01,1.020820e+02,1.358238e+02,-7.096147e+00,1.423582e+01,-7.117071e-01,-6.536795e-01,2.572473e-01,6.915289e-01,-7.163467e-01,9.292557e-02,1.235347e-01,2.440297e-01,9.618673e-01,2.592540e-01,-4.221164e-04,4.145994e-01,1.447201e-04,-6.013811e-03,-9.758806e+00,
-8.771424e-02,-8.112504e-02,4.107352e-01,-1.209190e+00,-2.382856e+00,-9.390555e+00,3.282140e-04,1.802450e-05,-3.572853e-03,1.962918e+01,1.020750e+02,1.358217e+02,-7.098230e+00,1.423946e+01,-7.116784e-01,-6.536833e-01,2.573175e-01,6.915522e-01,-7.163229e-01,9.293725e-02,1.235708e-01,2.440898e-01,9.618475e-01,2.588311e-01,-1.133569e-04,4.149100e-01,1.833916e-03,-2.056479e-03,-9.763334e+00,
-8.836159e-02,-8.175291e-02,4.105487e-01,-1.204529e+00,-2.383195e+00,-9.387074e+00,-4.218841e-04,1.158288e-04,-3.849662e-03,1.963147e+01,1.020870e+02,1.358203e+02,-7.098103e+00,1.423931e+01,-7.116615e-01,-6.537020e-01,2.573164e-01,6.915699e-01,-7.163066e-01,9.293050e-02,1.235686e-01,2.440873e-01,9.618483e-01,2.597354e-01,-1.367591e-04,4.144568e-01,-3.325939e-04,1.737058e-03,-9.759491e+00,
-8.786498e-02,-8.180533e-02,4.109464e-01,-1.205089e+00,-2.384060e+00,-9.387844e+00,6.214425e-05,3.826359e-06,-3.518062e-03,1.963420e+01,1.020870e+02,1.358172e+02,-7.098259e+00,1.424238e+01,-7.116237e-01,-6.537266e-01,2.573584e-01,6.916083e-01,-7.162666e-01,9.295304e-02,1.235713e-01,2.441388e-01,9.618350e-01,2.595130e-01,3.257506e-04,4.149209e-01,5.269051e-05,1.544118e-03,-9.760513e+00,
-8.740007e-02,-8.112229e-02,4.108817e-01,-1.202450e+00,-2.379076e+00,-9.388196e+00,-5.753875e-04,2.509020e-04,-3.616871e-03,1.963797e+01,1.020980e+02,1.358161e+02,-7.094653e+00,1.423707e+01,-7.116155e-01,-6.537757e-01,2.572562e-01,6.916277e-01,-7.162516e-01,9.292377e-02,1.235089e-01,2.440515e-01,9.618651e-01,2.585940e-01,1.173690e-04,4.151274e-01,-4.107475e-03,-1.806021e-05,-9.759309e+00,
-8.808390e-02,-8.159622e-02,4.105861e-01,-1.201767e+00,-2.375747e+00,-9.385259e+00,-2.660456e-04,2.878698e-04,-3.623490e-03,1.963928e+01,1.020870e+02,1.358164e+02,-7.090559e+00,1.423387e+01,-7.116263e-01,-6.537979e-01,2.571699e-01,6.916294e-01,-7.162488e-01,9.293334e-02,1.234380e-01,2.440000e-01,9.618873e-01,2.593495e-01,-5.568936e-05,4.146177e-01,-5.138397e-03,-1.754582e-03,-9.755588e+00,
-8.756442e-02,-8.098208e-02,4.109326e-01,-1.203676e+00,-2.379498e+00,-9.385613e+00,-1.138967e-04,2.829044e-06,-3.603388e-03,1.963943e+01,1.020910e+02,1.358154e+02,-7.091637e+00,1.423230e+01,-7.116122e-01,-6.538148e-01,2.571666e-01,6.916407e-01,-7.162427e-01,9.289642e-02,1.234566e-01,2.439731e-01,9.618918e-01,2.585967e-01,-1.280569e-04,4.152213e-01,-1.364470e-03,-1.028776e-04,-9.757080e+00,
-8.761883e-02,-8.101018e-02,4.107426e-01,-1.202904e+00,-2.382238e+00,-9.379523e+00,-4.206749e-04,4.831658e-06,-3.719801e-03,1.964264e+01,1.021030e+02,1.358123e+02,-7.092003e+00,1.423376e+01,-7.115747e-01,-6.538453e-01,2.571926e-01,6.916781e-01,-7.162066e-01,9.289671e-02,1.234630e-01,2.439974e-01,9.618849e-01,2.586150e-01,-1.740232e-04,4.149995e-01,1.226902e-03,2.825260e-03,-9.751796e+00,
-8.753430e-02,-8.151276e-02,4.112104e-01,-1.203501e+00,-2.379683e+00,-9.374887e+00,3.044684e-05,3.512955e-04,-3.760403e-03,1.964447e+01,1.021030e+02,1.358067e+02,-7.088895e+00,1.423646e+01,-7.115117e-01,-6.539128e-01,2.571952e-01,6.917525e-01,-7.161289e-01,9.294160e-02,1.234092e-01,2.440444e-01,9.618798e-01,2.590402e-01,3.399253e-04,4.153728e-01,1.234531e-03,3.175139e-04,-9.746786e+00,
-8.766981e-02,-8.174633e-02,4.106044e-01,-1.208641e+00,-2.375836e+00,-9.390693e+00,-4.208476e-04,9.232212e-05,-3.587497e-03,1.964647e+01,1.021030e+02,1.358047e+02,-7.092113e+00,1.423162e+01,-7.114830e-01,-6.539491e-01,2.571818e-01,6.917719e-01,-7.161238e-01,9.283468e-02,1.234649e-01,2.439615e-01,9.618936e-01,2.591353e-01,3.061630e-04,4.146549e-01,-1.511574e-03,-6.493151e-03,-9.761683e+00,
-8.763798e-02,-8.088907e-02,4.102212e-01,-1.201746e+00,-2.387242e+00,-9.379928e+00,4.409149e-04,1.586760e-04,-3.616248e-03,1.965011e+01,1.020910e+02,1.358041e+02,-7.090989e+00,1.424056e+01,-7.114767e-01,-6.539208e-01,2.572714e-01,6.917819e-01,-7.160984e-01,9.295654e-02,1.234454e-01,2.441121e-01,9.618579e-01,2.584240e-01,-3.306158e-04,4.144596e-01,2.894640e-03,6.228387e-03,-9.753263e+00,
-8.783270e-02,-8.109592e-02,4.103336e-01,-1.202350e+00,-2.382855e+00,-9.386779e+00,-4.417038e-04,1.155165e-04,-3.863324e-03,1.965296e+01,1.020790e+02,1.358042e+02,-7.089054e+00,1.423916e+01,-7.114809e-01,-6.539319e-01,2.572320e-01,6.917837e-01,-7.160961e-01,9.296213e-02,1.234119e-01,2.440896e-01,9.618679e-01,2.587401e-01,-3.021397e-04,4.145073e-01,-9.062290e-04,1.972675e-03,-9.758857e+00,
-8.779725e-02,-8.115289e-02,4.102064e-01,-1.203220e+00,-2.377339e+00,-9.377784e+00,3.028362e-06,4.891584e-05,-3.776766e-03,1.965462e+01,1.020950e+02,1.358048e+02,-7.089601e+00,1.423949e+01,-7.114879e-01,-6.539205e-01,2.572412e-01,6.917747e-01,-7.161047e-01,9.296279e-02,1.234214e-01,2.440949e-01,9.618654e-01,2.587218e-01,-2.411902e-04,4.143594e-01,-1.685858e-03,-1.718283e-03,-9.748965e+00,
-8.775090e-02,-8.130764e-02,4.100811e-01,-1.211053e+00,-2.385244e+00,-9.387780e+00,-2.301454e-04,1.084702e-05,-3.794150e-03,1.965773e+01,1.020910e+02,1.358039e+02,-7.093051e+00,1.424111e+01,-7.114709e-01,-6.539147e-01,2.573029e-01,6.917816e-01,-7.161012e-01,9.293836e-02,1.234811e-01,2.441203e-01,9.618514e-01,2.587874e-01,-1.093112e-04,4.141753e-01,5.871773e-03,-2.192914e-03,-9.761477e+00,
-8.769258e-02,-8.100761e-02,4.109698e-01,-1.200097e+00,-2.375890e+00,-9.373080e+00,-2.605105e-04,2.994285e-04,-3.600912e-03,1.966173e+01,1.021030e+02,1.358062e+02,-7.090841e+00,1.423980e+01,-7.115024e-01,-6.538984e-01,2.572575e-01,6.917560e-01,-7.161233e-01,9.295818e-02,1.234429e-01,2.440993e-01,9.618615e-01,2.587593e-01,-1.963079e-04,4.152156e-01,-3.832579e-03,-4.875660e-05,-9.743702e+00,
-8.739664e-02,-8.158227e-02,4.108315e-01,-1.202926e+00,-2.382585e+00,-9.386779e+00,-5.544778e-05,6.154554e-05,-3.541912e-03,1.966392e+01,1.020910e+02,1.358051e+02,-7.090888e+00,1.424097e+01,-7.114885e-01,-6.539072e-01,2.572733e-01,6.917701e-01,-7.161085e-01,9.296720e-02,1.234437e-01,2.441191e-01,9.618563e-01,2.589081e-01,4.689284e-04,4.149512e-01,-1.110315e-03,1.378477e-03,-9.758861e+00,
-8.773872e-02,-8.117485e-02,4.104739e-01,-1.208176e+00,-2.384743e+00,-9.387367e+00,-3.156199e-04,4.311294e-05,-3.529409e-03,1.966556e+01,1.020950e+02,1.358055e+02,-7.092369e+00,1.424242e+01,-7.114920e-01,-6.538902e-01,2.573069e-01,6.917619e-01,-7.161160e-01,9.297012e-02,1.234693e-01,2.441426e-01,9.618471e-01,2.587965e-01,-1.460984e-04,4.146264e-01,3.533125e-03,-7.618666e-04,-9.760602e+00,
-8.735605e-02,-8.056062e-02,4.114768e-01,-1.207842e+00,-2.379162e+00,-9.380689e+00,8.991887e-05,-4.502619e-05,-3.620063e-03,1.966765e+01,1.020910e+02,1.358064e+02,-7.094518e+00,1.424290e+01,-7.114995e-01,-6.538701e-01,2.573367e-01,6.917474e-01,-7.161319e-01,9.295496e-02,1.235065e-01,2.441494e-01,9.618405e-01,2.583524e-01,-2.403036e-04,4.158963e-01,1.046658e-03,-3.709972e-03,-9.752773e+00,
-8.804916e-02,-8.114540e-02,4.102599e-01,-1.203413e+00,-2.383181e+00,-9.382497e+00,1.308447e-04,-8.224904e-05,-3.831452e-03,1.967205e+01,1.020950e+02,1.358038e+02,-7.092992e+00,1.424227e+01,-7.114696e-01,-6.539112e-01,2.573156e-01,6.917831e-01,-7.160978e-01,9.295302e-02,1.234801e-01,2.441398e-01,9.618464e-01,2.589602e-01,-4.395023e-04,4.143640e-01,3.180504e-04,1.958847e-03,-9.754948e+00,
-8.765671e-02,-8.133475e-02,4.105656e-01,-1.207916e+00,-2.382721e+00,-9.386480e+00,-2.157576e-04,-6.879935e-06,-3.816207e-03,1.967519e+01,1.020910e+02,1.358181e+02,-7.094364e+00,1.424249e+01,-7.116401e-01,-6.537274e-01,2.573113e-01,6.916035e-01,-7.162647e-01,9.300383e-02,1.235039e-01,2.441427e-01,9.618426e-01,2.588840e-01,9.857118e-05,4.146850e-01,2.003193e-03,-1.719058e-03,-9.759223e+00,
-8.797067e-02,-8.077661e-02,4.104451e-01,-1.204420e+00,-2.384361e+00,-9.393417e+00,-1.769326e-04,2.092304e-04,-3.782141e-03,1.967818e+01,1.020950e+02,1.359073e+02,-7.092460e+00,1.424411e+01,-7.127197e-01,-6.526092e-01,2.571617e-01,6.904968e-01,-7.172741e-01,9.344722e-02,1.234709e-01,2.441710e-01,9.618398e-01,2.586931e-01,-1.706108e-04,4.146659e-01,-1.157045e-03,8.032918e-04,-9.765865e+00,
-8.781733e-02,-8.068343e-02,4.104839e-01,-1.205234e+00,-2.378613e+00,-9.387857e+00,-3.998346e-04,-1.514718e-04,-3.602274e-03,1.967959e+01,1.020830e+02,1.358530e+02,-7.095998e+00,1.424065e+01,-7.120596e-01,-6.532931e-01,2.572533e-01,6.911663e-01,-7.166714e-01,9.311888e-02,1.235322e-01,2.441110e-01,9.618469e-01,2.585177e-01,-4.061870e-04,4.147520e-01,-2.927542e-03,-2.519965e-03,-9.759212e+00,
-8.749030e-02,-8.068986e-02,4.100927e-01,-1.203580e+00,-2.377716e+00,-9.382785e+00,-3.480285e-04,-1.436261e-04,-3.599521e-03,1.968188e+01,1.020880e+02,1.358790e+02,-7.096376e+00,1.423782e+01,-7.123721e-01,-6.529800e-01,2.571834e-01,6.908433e-01,-7.169731e-01,9.319560e-02,1.235387e-01,2.440634e-01,9.618584e-01,2.581432e-01,-9.361655e-05,4.143883e-01,-3.099203e-03,-1.160920e-03,-9.753912e+00,
-8.799536e-02,-8.137565e-02,4.102944e-01,-1.206189e+00,-2.379038e+00,-9.378660e+00,2.647054e-04,3.297988e-04,-3.618866e-03,1.968359e+01,1.020950e+02,1.358935e+02,-7.094894e+00,1.423967e+01,-7.125494e-01,-6.527943e-01,2.571629e-01,6.906647e-01,-7.171311e-01,9.330112e-02,1.235131e-01,2.440950e-01,9.618534e-01,2.590904e-01,1.678243e-04,4.143479e-01,6.482601e-04,-2.029657e-03,-9.750588e+00,
-8.848830e-02,-8.116134e-02,4.106517e-01,-1.206585e+00,-2.382629e+00,-9.375831e+00,-1.750167e-04,1.189435e-04,-3.575622e-03,1.968557e+01,1.021000e+02,1.359384e+02,-7.096457e+00,1.424169e+01,-7.130876e-01,-6.522189e-01,2.571316e-01,6.901044e-01,-7.176434e-01,9.350952e-02,1.235401e-01,2.441281e-01,9.618416e-01,2.594424e-01,-1.324192e-04,4.147053e-01,3.573656e-03,4.791617e-04,-9.748793e+00,
-8.747706e-02,-8.173433e-02,4.107718e-01,-1.201619e+00,-2.379494e+00,-9.381779e+00,4.942680e-04,4.206760e-04,-3.647553e-03,1.968731e+01,1.021000e+02,1.359061e+02,-7.092934e+00,1.424473e+01,-7.127036e-01,-6.526207e-01,2.571765e-01,6.905118e-01,-7.172599e-01,9.344374e-02,1.234791e-01,2.441811e-01,9.618360e-01,2.590917e-01,9.892844e-04,4.148179e-01,-3.467798e-03,3.152490e-04,-9.753135e+00,
-8.775335e-02,-8.121764e-02,4.105497e-01,-1.205292e+00,-2.379393e+00,-9.382801e+00,-2.135564e-04,1.805900e-04,-3.714283e-03,1.968959e+01,1.020760e+02,1.358887e+02,-7.092795e+00,1.424292e+01,-7.124944e-01,-6.528469e-01,2.571826e-01,6.907281e-01,-7.170645e-01,9.334468e-02,1.234767e-01,2.441508e-01,9.618440e-01,2.588648e-01,2.605766e-04,4.146902e-01,-9.496212e-04,-2.185822e-03,-9.754547e+00,
-8.773930e-02,-8.155107e-02,4.097482e-01,-1.211583e+00,-2.380443e+00,-9.388527e+00,6.850785e-05,-6.059272e-05,-3.428871e-03,1.969254e+01,1.020830e+02,1.358872e+02,-7.097172e+00,1.424297e+01,-7.124701e-01,-6.528516e-01,2.572382e-01,6.907398e-01,-7.170608e-01,9.328753e-02,1.235525e-01,2.441492e-01,9.618348e-01,2.588894e-01,4.236475e-04,4.137399e-01,2.205372e-03,-5.798757e-03,-9.761089e+00,
-8.800074e-02,-8.111923e-02,4.100861e-01,-1.202205e+00,-2.383052e+00,-9.384826e+00,-1.736096e-04,1.144567e-04,-3.834850e-03,1.969533e+01,1.020880e+02,1.359104e+02,-7.095405e+00,1.424325e+01,-7.127526e-01,-6.525650e-01,2.571823e-01,6.904535e-01,-7.173197e-01,9.341600e-02,1.235219e-01,2.441549e-01,9.618372e-01,2.588721e-01,3.436580e-05,4.141829e-01,-1.640558e-03,2.650619e-03,-9.757008e+00,
-8.772912e-02,-8.062604e-02,4.099972e-01,-1.207388e+00,-2.379731e+00,-9.389007e+00,-2.219321e-04,2.493846e-04,-3.583733e-03,1.969798e+01,1.021000e+02,1.359158e+02,-7.096087e+00,1.424146e+01,-7.128158e-01,-6.525041e-01,2.571615e-01,6.903862e-01,-7.173852e-01,9.340959e-02,1.235337e-01,2.441246e-01,9.618434e-01,2.582744e-01,-1.472831e-04,4.142616e-01,-1.061201e-03,-3.403544e-03,-9.760859e+00,
-8.790062e-02,-8.087563e-02,4.099668e-01,-1.201849e+00,-2.385274e+00,-9.383423e+00,3.862677e-05,1.599678e-05,-3.811754e-03,1.970288e+01,1.020880e+02,1.359081e+02,-7.093991e+00,1.424469e+01,-7.127264e-01,-6.525924e-01,2.571855e-01,6.904851e-01,-7.172863e-01,9.343990e-02,1.234974e-01,2.441798e-01,9.618341e-01,2.585847e-01,-8.945912e-05,4.141358e-01,-7.915497e-05,4.279673e-03,-9.756157e+00,
-8.836102e-02,-8.098146e-02,4.102288e-01,-1.210811e+00,-2.383080e+00,-9.383007e+00,-2.796896e-04,-5.405777e-05,-3.681680e-03,1.970625e+01,1.020920e+02,1.359179e+02,-7.097163e+00,1.424530e+01,-7.128403e-01,-6.524566e-01,2.572146e-01,6.903577e-01,-7.174069e-01,9.345476e-02,1.235524e-01,2.441884e-01,9.618249e-01,2.591155e-01,-2.966672e-04,4.143099e-01,4.523993e-03,-3.140986e-03,-9.756329e+00,
-8.786060e-02,-8.128115e-02,4.095975e-01,-1.199823e+00,-2.381568e+00,-9.382084e+00,1.371631e-04,-5.279880e-05,-3.724405e-03,1.970824e+01,1.020920e+02,1.359069e+02,-7.095709e+00,1.424797e+01,-7.127101e-01,-6.525867e-01,2.572454e-01,6.904967e-01,-7.172731e-01,9.345583e-02,1.235272e-01,2.442340e-01,9.618166e-01,2.587653e-01,2.279952e-04,4.136257e-01,-4.192829e-03,2.950728e-03,-9.753715e+00,
-8.795387e-02,-8.154557e-02,4.098055e-01,-1.200530e+00,-2.381077e+00,-9.375065e+00,-5.490080e-04,1.343902e-04,-3.744541e-03,1.971129e+01,1.020800e+02,1.359010e+02,-7.092906e+00,1.424553e+01,-7.126433e-01,-6.526799e-01,2.571934e-01,6.905740e-01,-7.172015e-01,9.343158e-02,1.234786e-01,2.441945e-01,9.618326e-01,2.590605e-01,3.607422e-04,4.137787e-01,-1.574516e-03,2.729714e-03,-9.746929e+00,
-8.778682e-02,-8.143848e-02,4.099327e-01,-1.206782e+00,-2.379079e+00,-9.379085e+00,2.410456e-04,1.966090e-04,-3.775387e-03,1.971238e+01,1.020880e+02,1.358902e+02,-7.094055e+00,1.424591e+01,-7.125107e-01,-6.528106e-01,2.572294e-01,6.907075e-01,-7.170806e-01,9.337422e-02,1.234985e-01,2.442003e-01,9.618287e-01,2.588966e-01,3.635697e-04,4.139599e-01,3.569126e-04,-3.307164e-03,-9.751080e+00,
-8.773322e-02,-8.123287e-02,4.100974e-01,-1.203498e+00,-2.384286e+00,-9.379296e+00,-4.071680e-04,-4.143092e-05,-3.591018e-03,1.971434e+01,1.020920e+02,1.358879e+02,-7.094678e+00,1.424701e+01,-7.124825e-01,-6.528322e-01,2.572531e-01,6.907347e-01,-7.170550e-01,9.337049e-02,1.235093e-01,2.442184e-01,9.618227e-01,2.587622e-01,2.519079e-04,4.141913e-01,1.157045e-03,2.616942e-03,-9.752150e+00,
-8.760678e-02,-8.095954e-02,4.097686e-01,-1.205421e+00,-2.379659e+00,-9.382759e+00,2.604729e-05,-8.230693e-05,-3.776530e-03,1.971846e+01,1.020920e+02,1.358846e+02,-7.097122e+00,1.424580e+01,-7.124389e-01,-6.528713e-01,2.572741e-01,6.907719e-01,-7.170266e-01,9.331203e-02,1.235516e-01,2.441968e-01,9.618227e-01,2.583803e-01,6.453320e-05,4.139297e-01,-1.540422e-03,-1.916468e-03,-9.754588e+00,
-8.839598e-02,-8.166860e-02,4.095895e-01,-1.202053e+00,-2.385406e+00,-9.381495e+00,-3.519816e-04,9.826067e-05,-3.731657e-03,1.972134e+01,1.020920e+02,1.358929e+02,-7.096005e+00,1.424656e+01,-7.125404e-01,-6.527677e-01,2.572558e-01,6.906706e-01,-7.171163e-01,9.337171e-02,1.235323e-01,2.442102e-01,9.618218e-01,2.594556e-01,5.314872e-05,4.134437e-01,1.833439e-04,4.424870e-03,-9.754360e+00,
