MagX, MagY, MagZ, AccX, AccY, AccZ, GyroX, GyroY, GyroZ, Temp, Pres, Yaw, Pitch, Roll, DCM1, DCM2, DCM3, DCM4, DCM5, DCM6, DCM7, DCM8, DCM9, MagNED1, MagNED2, MagNED3, AccNED1, AccNED2, ACCNED3, 
0.000000e+00,
2.104473e-01,4.236704e-02,4.800680e-01,-2.445643e+00,1.342239e+00,-9.328552e+00,2.953776e-03,-1.644891e-04,7.387806e-03,7.609094e+00,1.022940e+02,-1.775356e+02,-1.456176e+01,-8.194687e+00,-9.669820e-01,6.755864e-03,2.547551e-01,-4.161771e-02,-9.904150e-01,-1.317048e-01,2.514235e-01,-1.379585e-01,9.579946e-01,2.281892e-01,-9.433987e-03,2.488629e-01,-2.535343e-03,1.023650e-03,-9.736769e+00,
2.104479e-01,4.237052e-02,4.776259e-01,-2.443368e+00,1.338080e+00,-9.324174e+00,3.082962e-03,-3.468995e-04,7.246114e-03,7.615183e+00,1.022870e+02,-1.771878e+02,-1.455586e+01,-8.186303e+00,-9.667376e-01,1.281962e-02,2.554494e-01,-4.748826e-02,-9.903741e-01,-1.300158e-01,2.513237e-01,-1.378220e-01,9.580405e-01,2.276667e-01,-7.730316e-03,2.468331e-01,-2.605677e-03,3.121734e-03,-9.731430e+00,
2.114796e-01,3.899120e-02,4.764841e-01,-2.437710e+00,1.339205e+00,-9.320155e+00,2.717139e-03,-3.780010e-04,7.575802e-03,7.621222e+00,1.022870e+02,-1.768449e+02,-1.454876e+01,-8.191286e+00,-9.664670e-01,1.874108e-02,2.561061e-01,-5.327459e-02,-9.902675e-01,-1.285774e-01,2.512039e-01,-1.379097e-01,9.580593e-01,2.264906e-01,-3.374036e-03,2.465357e-01,-5.884886e-03,2.058268e-03,-9.726313e+00,
2.115370e-01,4.568752e-02,4.801357e-01,-2.447824e+00,1.342992e+00,-9.329448e+00,3.745337e-03,-1.862944e-04,7.562845e-03,7.628971e+00,1.022870e+02,-1.765315e+02,-1.455189e+01,-8.190926e+00,-9.661475e-01,2.415142e-02,2.568576e-01,-5.855929e-02,-9.901515e-01,-1.271652e-01,2.512567e-01,-1.379017e-01,9.580466e-01,2.274365e-01,-8.369271e-03,2.487986e-01,1.055241e-03,-4.160404e-05,-9.738278e+00,
2.125841e-01,4.340488e-02,4.851225e-01,-2.443447e+00,1.340188e+00,-9.323313e+00,4.299699e-03,1.015720e-04,7.603993e-03,7.639758e+00,1.022870e+02,-1.762323e+02,-1.454813e+01,-8.184249e+00,-9.658449e-01,2.936086e-02,2.574521e-01,-6.360498e-02,-9.900259e-01,-1.257109e-01,2.511933e-01,-1.377925e-01,9.580790e-01,2.276398e-01,-5.771544e-03,2.535214e-01,-9.665489e-04,6.369352e-04,-9.730916e+00,
2.104576e-01,4.122503e-02,4.801320e-01,-2.442785e+00,1.337088e+00,-9.326280e+00,3.366716e-03,-1.684431e-04,7.814738e-03,7.650801e+00,1.022870e+02,-1.759773e+02,-1.454551e+01,-8.179098e+00,-9.655638e-01,3.379614e-02,2.579623e-01,-6.790363e-02,-9.898962e-01,-1.244779e-01,2.511490e-01,-1.377080e-01,9.581028e-01,2.282584e-01,-2.163343e-03,2.491269e-01,-1.974821e-03,3.212333e-03,-9.733165e+00,
2.115675e-01,4.791155e-02,4.789422e-01,-2.445684e+00,1.341575e+00,-9.330873e+00,3.091584e-03,-7.560811e-05,7.586251e-03,7.661053e+00,1.022760e+02,-1.757296e+02,-1.454588e+01,-8.182682e+00,-9.652596e-01,3.805856e-02,2.585065e-01,-7.207746e-02,-9.897332e-01,-1.234230e-01,2.511552e-01,-1.377677e-01,9.580926e-01,2.272803e-01,-6.951092e-03,2.475582e-01,-3.130436e-04,1.217127e-04,-9.738913e+00,
2.094283e-01,4.347056e-02,4.813141e-01,-2.443320e+00,1.340696e+00,-9.332622e+00,3.138565e-03,-5.492058e-04,7.862937e-03,7.671624e+00,1.022870e+02,-1.754897e+02,-1.454168e+01,-8.182370e+00,-9.649678e-01,4.221238e-02,2.589506e-01,-7.611851e-02,-9.895651e-01,-1.223400e-01,2.510842e-01,-1.377651e-01,9.581115e-01,2.294780e-01,-2.250008e-03,2.496373e-01,-2.368927e-03,1.028538e-03,-9.739873e+00,
2.105050e-01,4.568220e-02,4.801506e-01,-2.441923e+00,1.340016e+00,-9.327888e+00,2.987667e-03,-1.925935e-04,7.468493e-03,7.683235e+00,1.022920e+02,-1.752929e+02,-1.453911e+01,-8.184656e+00,-9.647119e-01,4.560715e-02,2.593284e-01,-7.943369e-02,-9.894090e-01,-1.214927e-01,2.510408e-01,-1.378049e-01,9.581172e-01,2.283849e-01,-3.348194e-03,2.486370e-01,-2.119541e-03,1.417637e-03,-9.734893e+00,
2.126488e-01,4.897826e-02,4.827157e-01,-2.444392e+00,1.334165e+00,-9.323345e+00,3.151113e-03,-1.280115e-04,7.495014e-03,7.695093e+00,1.022870e+02,-1.751243e+02,-1.454234e+01,-8.177309e+00,-9.644598e-01,4.854438e-02,2.597324e-01,-8.227133e-02,-9.892866e-01,-1.205976e-01,2.510954e-01,-1.376800e-01,9.581208e-01,2.273144e-01,-5.928621e-03,2.508607e-01,7.095337e-04,5.604506e-03,-9.730354e+00,
2.104628e-01,3.896521e-02,4.777664e-01,-2.446167e+00,1.341242e+00,-9.323643e+00,3.065054e-03,3.033904e-05,7.725383e-03,7.705849e+00,1.022800e+02,-1.749671e+02,-1.454286e+01,-8.179740e+00,-9.642282e-01,5.124516e-02,2.600731e-01,-8.491598e-02,-9.891446e-01,-1.199259e-01,2.511042e-01,-1.377203e-01,9.581126e-01,2.276032e-01,4.069559e-03,2.474202e-01,2.567053e-03,-8.169413e-04,-9.732059e+00,
2.136933e-01,4.671768e-02,4.791342e-01,-2.438802e+00,1.340232e+00,-9.320330e+00,3.329598e-03,5.933164e-05,7.593143e-03,7.715301e+00,1.022920e+02,-1.748193e+02,-1.453819e+01,-8.181129e+00,-9.640264e-01,5.380187e-02,2.603050e-01,-8.740527e-02,-9.890053e-01,-1.192856e-01,2.510253e-01,-1.377465e-01,9.581296e-01,2.255153e-01,-2.480585e-03,2.483642e-01,-2.951860e-03,-5.512238e-04,-9.726897e+00,
2.104951e-01,4.230787e-02,4.789948e-01,-2.444910e+00,1.341044e+00,-9.331827e+00,3.017160e-03,-2.355671e-04,7.493949e-03,7.724525e+00,1.022920e+02,-1.746760e+02,-1.454084e+01,-8.182655e+00,-9.637931e-01,5.626211e-02,2.606482e-01,-8.981512e-02,-9.888650e-01,-1.186564e-01,2.510700e-01,-1.377704e-01,9.581144e-01,2.279912e-01,2.175160e-03,2.480642e-01,-4.866123e-04,7.596016e-04,-9.739557e+00,
2.104902e-01,4.003375e-02,4.888277e-01,-2.448524e+00,1.340567e+00,-9.318749e+00,3.198722e-03,-2.421227e-04,7.844565e-03,7.734245e+00,1.022800e+02,-1.745765e+02,-1.454636e+01,-8.184106e+00,-9.636117e-01,5.795941e-02,2.609472e-01,-9.148638e-02,-9.887642e-01,-1.182199e-01,2.511633e-01,-1.377912e-01,9.580871e-01,2.301544e-01,3.520560e-03,2.565938e-01,5.422592e-03,1.634359e-04,-9.727871e+00,
2.105147e-01,4.340801e-02,4.814678e-01,-2.444137e+00,1.334016e+00,-9.325159e+00,3.242312e-03,-1.487428e-04,7.789616e-03,7.745667e+00,1.022920e+02,-1.745007e+02,-1.454651e+01,-8.177464e+00,-9.634889e-01,5.929796e-02,2.610992e-01,-9.276165e-02,-9.887001e-01,-1.177595e-01,2.511659e-01,-1.376800e-01,9.581022e-01,2.286139e-01,1.688827e-03,2.499964e-01,-7.879734e-04,5.906343e-03,-9.732007e+00,
2.104964e-01,4.003318e-02,4.851782e-01,-2.444409e+00,1.343471e+00,-9.323225e+00,3.403150e-03,-3.986332e-04,7.811029e-03,7.755197e+00,1.022920e+02,-1.744180e+02,-1.454909e+01,-8.182502e+00,-9.633428e-01,6.069531e-02,2.613170e-01,-9.415063e-02,-9.886038e-01,-1.174654e-01,2.512094e-01,-1.377626e-01,9.580790e-01,2.293119e-01,4.543629e-03,2.535124e-01,2.861023e-05,-2.860785e-03,-9.731524e+00,
2.105041e-01,4.116668e-02,4.790543e-01,-2.444704e+00,1.347657e+00,-9.317922e+00,3.061634e-03,-1.412965e-04,7.405569e-03,7.764791e+00,1.022800e+02,-1.743887e+02,-1.455019e+01,-8.192327e+00,-9.632899e-01,6.115349e-02,2.614058e-01,-9.464285e-02,-9.885528e-01,-1.174995e-01,2.512279e-01,-1.379262e-01,9.580506e-01,2.279665e-01,4.256677e-03,2.482144e-01,1.613855e-03,-6.005645e-03,-9.727096e+00,
2.115662e-01,4.112995e-02,4.815775e-01,-2.442528e+00,1.339749e+00,-9.333259e+00,3.160504e-03,-3.461993e-04,7.609616e-03,7.774818e+00,1.022800e+02,-1.743349e+02,-1.454636e+01,-8.189779e+00,-9.632173e-01,6.210292e-02,2.614496e-01,-9.554941e-02,-9.884993e-01,-1.172162e-01,2.511633e-01,-1.378860e-01,9.580734e-01,2.276236e-01,4.165240e-03,2.505932e-01,-4.289150e-03,3.050804e-03,-9.740153e+00,
2.126286e-01,4.109598e-02,4.828779e-01,-2.444054e+00,1.338405e+00,-9.330199e+00,3.276323e-03,-1.801096e-04,7.743120e-03,7.786399e+00,1.022920e+02,-1.743053e+02,-1.454662e+01,-8.187334e+00,-9.631666e-01,6.262454e-02,2.615119e-01,-9.604729e-02,-9.884721e-01,-1.170384e-01,2.511677e-01,-1.378450e-01,9.580781e-01,2.270193e-01,4.101895e-03,2.519263e-01,-2.110004e-03,3.760219e-03,-9.737419e+00,
2.105273e-01,4.226720e-02,4.803147e-01,-2.446045e+00,1.339162e+00,-9.321626e+00,3.214836e-03,-1.635292e-04,7.671827e-03,7.795563e+00,1.022850e+02,-1.742719e+02,-1.454839e+01,-8.184955e+00,-9.631027e-01,6.320675e-02,2.616068e-01,-9.660736e-02,-9.884406e-01,-1.168421e-01,2.511976e-01,-1.378041e-01,9.580761e-01,2.282777e-01,3.671631e-03,2.491566e-01,1.835823e-03,1.782179e-03,-9.729809e+00,
2.115952e-01,4.335647e-02,4.803790e-01,-2.444668e+00,1.341455e+00,-9.321132e+00,3.284770e-03,1.613160e-04,7.689008e-03,7.803800e+00,1.022850e+02,-1.742578e+02,-1.454865e+01,-8.186805e+00,-9.630777e-01,6.344143e-02,2.616420e-01,-9.684476e-02,-9.884214e-01,-1.168091e-01,2.512020e-01,-1.378349e-01,9.580706e-01,2.274505e-01,2.674945e-03,2.493130e-01,7.092953e-04,-3.771782e-04,-9.729306e+00,
2.115703e-01,4.000545e-02,4.767287e-01,-2.444116e+00,1.342346e+00,-9.329601e+00,3.290693e-03,2.948589e-05,7.620483e-03,7.813129e+00,1.022850e+02,-1.742301e+02,-1.454651e+01,-8.187400e+00,-9.630403e-01,6.392138e-02,2.616634e-01,-9.731100e-02,-9.883890e-01,-1.166966e-01,2.511658e-01,-1.378462e-01,9.580786e-01,2.264338e-01,6.067440e-03,2.466487e-01,-1.628399e-03,-1.888275e-04,-9.737407e+00,
2.083808e-01,3.670711e-02,4.790321e-01,-2.444894e+00,1.338478e+00,-9.322848e+00,3.157452e-03,-3.300527e-04,7.418790e-03,7.820743e+00,1.022920e+02,-1.742132e+02,-1.454839e+01,-8.185151e+00,-9.630033e-01,6.421826e-02,2.617266e-01,-9.759381e-02,-9.883751e-01,-1.165775e-01,2.511976e-01,-1.378074e-01,9.580758e-01,2.294815e-01,9.048499e-03,2.482763e-01,3.588200e-04,2.522945e-03,-9.730599e+00,
2.126274e-01,3.884225e-02,4.804917e-01,-2.438453e+00,1.338398e+00,-9.319869e+00,3.254994e-03,-1.770673e-04,7.228291e-03,7.829099e+00,1.022850e+02,-1.741965e+02,-1.454198e+01,-8.182717e+00,-9.630027e-01,6.453338e-02,2.616512e-01,-9.787789e-02,-9.883596e-01,-1.164699e-01,2.510892e-01,-1.377707e-01,9.581093e-01,2.263133e-01,6.756511e-03,2.502097e-01,-3.946066e-03,1.336336e-03,-9.726115e+00,
2.095096e-01,4.449576e-02,4.839810e-01,-2.448881e+00,1.341049e+00,-9.321728e+00,3.283825e-03,-5.386555e-04,7.694992e-03,7.837161e+00,1.023010e+02,-1.741646e+02,-1.455149e+01,-8.184042e+00,-9.629067e-01,6.505404e-02,2.618756e-01,-9.840901e-02,-9.883233e-01,-1.163311e-01,2.512499e-01,-1.377869e-01,9.580649e-01,2.301154e-01,1.883078e-03,2.517365e-01,4.151583e-03,9.059906e-06,-9.730881e+00,
2.126426e-01,3.995829e-02,4.780599e-01,-2.438401e+00,1.338326e+00,-9.327756e+00,3.189769e-03,3.698830e-05,7.587411e-03,7.847919e+00,1.022850e+02,-1.741688e+02,-1.454532e+01,-8.182395e+00,-9.629408e-01,6.500424e-02,2.617626e-01,-9.834154e-02,-9.883299e-01,-1.163323e-01,2.511457e-01,-1.377632e-01,9.580957e-01,2.258160e-01,6.147053e-03,2.480178e-01,-6.624699e-03,2.207518e-03,-9.733649e+00,
2.094700e-01,3.890147e-02,4.791286e-01,-2.447149e+00,1.345800e+00,-9.322708e+00,3.062965e-03,-3.747245e-04,7.391360e-03,7.857154e+00,1.022730e+02,-1.741630e+02,-1.454858e+01,-8.188559e+00,-9.629167e-01,6.506869e-02,2.618357e-01,-9.843792e-02,-9.883116e-01,-1.164065e-01,2.512008e-01,-1.378642e-01,9.580667e-01,2.287019e-01,7.222474e-03,2.483306e-01,2.952576e-03,-3.954291e-03,-9.732039e+00,
2.105522e-01,4.109573e-02,4.840960e-01,-2.432835e+00,1.334363e+00,-9.327666e+00,3.282074e-03,-4.068073e-04,7.693281e-03,7.868118e+00,1.022890e+02,-1.741664e+02,-1.453968e+01,-8.182394e+00,-9.629611e-01,6.505995e-02,2.616738e-01,-9.838518e-02,-9.883256e-01,-1.163306e-01,2.510504e-01,-1.377667e-01,9.581200e-01,2.290130e-01,4.730217e-03,2.525226e-01,-1.126623e-02,5.662799e-03,-9.731618e+00,
2.094874e-01,4.000692e-02,4.803739e-01,-2.450791e+00,1.345778e+00,-9.325580e+00,3.206959e-03,1.023695e-04,7.462119e-03,7.877696e+00,1.022780e+02,-1.741644e+02,-1.454459e+01,-8.186911e+00,-9.629365e-01,6.506091e-02,2.617646e-01,-9.841548e-02,-9.883155e-01,-1.163914e-01,2.511334e-01,-1.378392e-01,9.580880e-01,2.290190e-01,6.134667e-03,2.492653e-01,6.407022e-03,-3.439903e-03,-9.735703e+00,
2.105590e-01,4.109390e-02,4.816689e-01,-2.447332e+00,1.344791e+00,-9.327868e+00,2.963477e-03,-6.821501e-05,7.263762e-03,7.886979e+00,1.022890e+02,-1.741537e+02,-1.454519e+01,-8.190636e+00,-9.629155e-01,6.522653e-02,2.618004e-01,-9.859455e-02,-9.882960e-01,-1.164059e-01,2.511435e-01,-1.379011e-01,9.580764e-01,2.284757e-01,4.989058e-03,2.504566e-01,2.250433e-03,-1.939178e-03,-9.736890e+00,
2.126558e-01,3.880850e-02,4.793550e-01,-2.437674e+00,1.333859e+00,-9.329499e+00,3.120424e-03,-5.298749e-04,7.633765e-03,7.895915e+00,1.022890e+02,-1.741253e+02,-1.454117e+01,-8.184566e+00,-9.628839e-01,6.575546e-02,2.617844e-01,-9.907529e-02,-9.882748e-01,-1.161778e-01,2.510756e-01,-1.378021e-01,9.581084e-01,2.260147e-01,7.170729e-03,2.492659e-01,-7.411957e-03,7.174730e-03,-9.734521e+00,
2.105805e-01,4.333112e-02,4.792243e-01,-2.446581e+00,1.343542e+00,-9.323511e+00,2.914156e-03,-2.445495e-04,7.582348e-03,7.904922e+00,1.022820e+02,-1.741365e+02,-1.454325e+01,-8.187504e+00,-9.628943e-01,6.554252e-02,2.617995e-01,-9.888482e-02,-9.882822e-01,-1.162765e-01,2.511107e-01,-1.378499e-01,9.580925e-01,2.280127e-01,3.378328e-03,2.481412e-01,2.968073e-03,-1.763940e-03,-9.732356e+00,
2.105681e-01,4.108282e-02,4.804749e-01,-2.435773e+00,1.335886e+00,-9.328156e+00,2.780077e-03,-1.788894e-04,7.530907e-03,7.913999e+00,1.022820e+02,-1.741248e+02,-1.454257e+01,-8.190952e+00,-9.628769e-01,6.573054e-02,2.618160e-01,-9.908210e-02,-9.882615e-01,-1.162835e-01,2.510993e-01,-1.379080e-01,9.580868e-01,2.281789e-01,5.232472e-03,2.494651e-01,-9.102821e-03,5.847692e-03,-9.733034e+00,
2.116199e-01,3.993486e-02,4.805506e-01,-2.447440e+00,1.343347e+00,-9.330499e+00,5.463611e-03,4.970503e-04,7.516853e-03,7.922993e+00,1.022940e+02,-1.741412e+02,-1.453933e+01,-8.178913e+00,-9.629192e-01,6.551033e-02,2.617150e-01,-9.880784e-02,-9.883039e-01,-1.161563e-01,2.510445e-01,-1.377087e-01,9.581299e-01,2.272224e-01,6.126042e-03,2.499164e-01,2.759218e-03,-2.012610e-03,-9.739237e+00,
2.126971e-01,4.214779e-02,4.793853e-01,-2.442827e+00,1.341358e+00,-9.321105e+00,3.115087e-03,-2.598845e-04,7.577460e-03,7.932286e+00,1.022820e+02,-1.741528e+02,-1.454077e+01,-8.180471e+00,-9.629331e-01,6.530033e-02,2.617173e-01,-9.861287e-02,-9.883144e-01,-1.162336e-01,2.510689e-01,-1.377339e-01,9.581200e-01,2.261781e-01,4.176702e-03,2.488990e-01,3.757477e-04,-1.363873e-03,-9.728806e+00,
2.116368e-01,4.104621e-02,4.793461e-01,-2.439994e+00,1.334408e+00,-9.337028e+00,2.876516e-03,-4.131414e-04,7.586735e-03,7.942869e+00,1.022820e+02,-1.741683e+02,-1.453857e+01,-8.179086e+00,-9.629694e-01,6.504487e-02,2.616476e-01,-9.835366e-02,-9.883344e-01,-1.162842e-01,2.510316e-01,-1.377121e-01,9.581330e-01,2.269943e-01,5.174045e-03,2.487746e-01,-6.574869e-03,6.890059e-03,-9.742394e+00,
2.084869e-01,4.335622e-02,4.779446e-01,-2.443264e+00,1.341852e+00,-9.322276e+00,5.267873e-03,6.047334e-04,7.607826e-03,7.954080e+00,1.022870e+02,-1.741737e+02,-1.453553e+01,-8.169855e+00,-9.629918e-01,6.500052e-02,2.615756e-01,-9.826367e-02,-9.883584e-01,-1.161549e-01,2.509803e-01,-1.375596e-01,9.581682e-01,2.294526e-01,3.607873e-03,2.466355e-01,1.583338e-03,-3.318429e-03,-9.730103e+00,
2.095318e-01,4.107811e-02,4.817034e-01,-2.457377e+00,1.340809e+00,-9.322054e+00,3.128519e-03,-2.497587e-04,7.708953e-03,7.961433e+00,1.022710e+02,-1.741514e+02,-1.454713e+01,-8.172853e+00,-9.629029e-01,6.534407e-02,2.618172e-01,-9.863356e-02,-9.883298e-01,-1.160850e-01,2.511762e-01,-1.376025e-01,9.581107e-01,2.293520e-01,5.191252e-03,2.502587e-01,1.315594e-02,-6.304979e-04,-9.733294e+00,
2.105869e-01,3.992283e-02,4.842360e-01,-2.440598e+00,1.329942e+00,-9.330148e+00,3.924336e-03,-7.812853e-05,7.196338e-03,7.967992e+00,1.022870e+02,-1.741669e+02,-1.454157e+01,-8.160075e+00,-9.629537e-01,6.514847e-02,2.616788e-01,-9.837566e-02,-9.883719e-01,-1.159448e-01,2.510824e-01,-1.373923e-01,9.581654e-01,2.289469e-01,5.847439e-03,2.527893e-01,-4.675627e-03,7.400393e-03,-9.735340e+00,
2.095401e-01,4.106526e-02,4.829538e-01,-2.439513e+00,1.334567e+00,-9.327758e+00,2.334584e-03,-3.410954e-04,7.871541e-03,7.977021e+00,1.022750e+02,-1.741920e+02,-1.453841e+01,-8.162760e+00,-9.630107e-01,6.471054e-02,2.615784e-01,-9.795498e-02,-9.883943e-01,-1.161112e-01,2.510290e-01,-1.374392e-01,9.581728e-01,2.295928e-01,4.960332e-03,2.513527e-01,-4.302263e-03,2.941132e-03,-9.733414e+00,
2.095294e-01,3.995974e-02,4.768332e-01,-2.454352e+00,1.344676e+00,-9.323524e+00,2.512151e-03,-4.073328e-04,7.424805e-03,7.984659e+00,1.022870e+02,-1.742085e+02,-1.455173e+01,-8.173570e+00,-9.629806e-01,6.434547e-02,2.617788e-01,-9.767250e-02,-9.883941e-01,-1.163503e-01,2.512540e-01,-1.376116e-01,9.580890e-01,2.281959e-01,6.430492e-03,2.462749e-01,9.315968e-03,-4.552484e-03,-9.734474e+00,
2.084694e-01,3.884860e-02,4.804696e-01,-2.445865e+00,1.332522e+00,-9.325454e+00,3.455844e-03,-2.010600e-04,7.517972e-03,7.991470e+00,1.022870e+02,-1.742055e+02,-1.455128e+01,-8.165313e+00,-9.629775e-01,6.443509e-02,2.617681e-01,-9.772223e-02,-9.884074e-01,-1.161951e-01,2.512465e-01,-1.374739e-01,9.581108e-01,2.298604e-01,7.169221e-03,2.492405e-01,6.794930e-05,5.512834e-03,-9.732520e+00,
2.137667e-01,3.984185e-02,4.819943e-01,-2.441241e+00,1.333947e+00,-9.318629e+00,3.178333e-03,-1.931619e-04,7.423689e-03,7.998749e+00,1.022870e+02,-1.742158e+02,-1.455022e+01,-8.163020e+00,-9.629997e-01,6.427038e-02,2.617270e-01,-9.754954e-02,-9.884233e-01,-1.162044e-01,2.512285e-01,-1.374362e-01,9.581209e-01,2.257805e-01,5.666979e-03,2.515784e-01,-2.289057e-03,2.503633e-03,-9.725016e+00,
2.106141e-01,4.216147e-02,4.781367e-01,-2.447637e+00,1.342924e+00,-9.331199e+00,3.613638e-03,1.972095e-04,7.411210e-03,8.006527e+00,1.022870e+02,-1.742149e+02,-1.455116e+01,-8.164867e+00,-9.629940e-01,6.427564e-02,2.617466e-01,-9.756467e-02,-9.884189e-01,-1.162305e-01,2.512445e-01,-1.374665e-01,9.581124e-01,2.276967e-01,4.311081e-03,2.473505e-01,9.675026e-04,-3.998637e-03,-9.739900e+00,
2.106176e-01,4.214999e-02,4.805971e-01,-2.446648e+00,1.337659e+00,-9.326876e+00,3.198748e-03,1.156208e-04,7.550309e-03,8.012286e+00,1.022800e+02,-1.742581e+02,-1.454914e+01,-8.164725e+00,-9.630762e-01,6.353509e-02,2.616249e-01,-9.683870e-02,-9.884669e-01,-1.164289e-01,2.512102e-01,-1.374654e-01,9.581215e-01,2.282531e-01,3.897049e-03,2.494320e-01,1.154184e-03,6.171465e-04,-9.734785e+00,
2.106002e-01,3.991506e-02,4.781591e-01,-2.442418e+00,1.332936e+00,-9.332076e+00,2.685195e-03,-3.981675e-04,7.840375e-03,8.017194e+00,1.022870e+02,-1.742943e+02,-1.454733e+01,-8.162854e+00,-9.631450e-01,6.292384e-02,2.615192e-01,-9.623139e-02,-9.885101e-01,-1.165648e-01,2.511796e-01,-1.374352e-01,9.581339e-01,2.275778e-01,5.954217e-03,2.476534e-01,-4.240751e-03,5.208015e-03,-9.738056e+00,
2.106213e-01,4.215068e-02,4.781586e-01,-2.445581e+00,1.337716e+00,-9.326983e+00,3.084810e-03,-1.258505e-04,7.708244e-03,8.024732e+00,1.022800e+02,-1.742793e+02,-1.454747e+01,-8.163489e+00,-9.631192e-01,6.317936e-02,2.615528e-01,-9.648345e-02,-9.884923e-01,-1.165071e-01,2.511820e-01,-1.374457e-01,9.581317e-01,2.276833e-01,4.067101e-03,2.473868e-01,4.041195e-04,2.958775e-04,-9.734628e+00,
2.106321e-01,4.327090e-02,4.769353e-01,-2.448417e+00,1.341220e+00,-9.331726e+00,3.239898e-03,-3.565065e-04,7.765738e-03,8.032477e+00,1.022800e+02,-1.743030e+02,-1.454924e+01,-8.165730e+00,-9.631512e-01,6.275611e-02,2.615365e-01,-9.608438e-02,-9.885142e-01,-1.166509e-01,2.512119e-01,-1.374821e-01,9.581185e-01,2.274649e-01,3.113631e-03,2.462163e-01,1.779079e-03,-2.005458e-03,-9.740365e+00,
2.095495e-01,3.879006e-02,4.830495e-01,-2.443460e+00,1.341785e+00,-9.321616e+00,2.559444e-03,-2.849943e-04,7.524166e-03,8.041355e+00,1.022800e+02,-1.743070e+02,-1.454938e+01,-8.172729e+00,-9.631574e-01,6.265536e-02,2.615384e-01,-9.601760e-02,-9.885044e-01,-1.167896e-01,2.512143e-01,-1.375990e-01,9.581012e-01,2.295434e-01,6.417766e-03,2.516635e-01,-4.541874e-04,-3.077745e-03,-9.729512e+00,
2.117252e-01,4.658753e-02,4.806810e-01,-2.442917e+00,1.337272e+00,-9.330001e+00,3.701612e-03,-1.501080e-04,7.572173e-03,8.048747e+00,1.022800e+02,-1.743327e+02,-1.454817e+01,-8.168287e+00,-9.632058e-01,6.223429e-02,2.614609e-01,-9.558529e-02,-9.885413e-01,-1.168325e-01,2.511939e-01,-1.375255e-01,9.581172e-01,2.275799e-01,-3.750660e-04,2.492136e-01,-3.174305e-03,1.605272e-03,-9.736790e+00,
2.117102e-01,4.434646e-02,4.794756e-01,-2.446259e+00,1.338317e+00,-9.331465e+00,3.527318e-03,-2.485032e-04,7.507048e-03,8.057145e+00,1.022800e+02,-1.743329e+02,-1.454789e+01,-8.166165e+00,-9.632074e-01,6.224051e-02,2.614534e-01,-9.558137e-02,-9.885458e-01,-1.167974e-01,2.511891e-01,-1.374902e-01,9.581236e-01,2.271910e-01,1.706421e-03,2.484682e-01,-1.902580e-04,7.206202e-04,-9.739176e+00,
2.116887e-01,4.098056e-02,4.795059e-01,-2.442871e+00,1.335400e+00,-9.325130e+00,2.904900e-03,-3.445802e-04,7.628924e-03,8.066381e+00,1.022840e+02,-1.743681e+02,-1.454738e+01,-8.165606e+00,-9.632681e-01,6.163700e-02,2.613726e-01,-9.498988e-02,-9.885848e-01,-1.169492e-01,2.511806e-01,-1.374812e-01,9.581270e-01,2.270325e-01,4.491944e-03,2.488977e-01,-1.884222e-03,2.458572e-03,-9.731853e+00,
2.085398e-01,4.328054e-02,4.817840e-01,-2.444714e+00,1.339850e+00,-9.329146e+00,3.152547e-03,5.058130e-05,7.488679e-03,8.074794e+00,1.022840e+02,-1.743659e+02,-1.454688e+01,-8.167994e+00,-9.632664e-01,6.166661e-02,2.613714e-01,-9.502839e-02,-9.885773e-01,-1.169808e-01,2.511720e-01,-1.375214e-01,9.581234e-01,2.303441e-01,2.519343e-03,2.498439e-01,-8.373260e-04,-8.970499e-04,-9.736775e+00,
2.127722e-01,4.318110e-02,4.820294e-01,-2.447399e+00,1.338986e+00,-9.334037e+00,3.050453e-03,-3.370122e-04,7.536727e-03,8.083049e+00,1.022800e+02,-1.743823e+02,-1.454734e+01,-8.167577e+00,-9.632916e-01,6.138460e-02,2.613453e-01,-9.475262e-02,-9.885960e-01,-1.170476e-01,2.511799e-01,-1.375141e-01,9.581224e-01,2.268153e-01,2.164576e-03,2.509950e-01,3.457069e-04,7.084608e-04,-9.742018e+00,
2.106344e-01,3.986678e-02,4.807129e-01,-2.447233e+00,1.339834e+00,-9.322879e+00,3.096930e-03,-2.025109e-04,7.585108e-03,8.091041e+00,1.022840e+02,-1.743784e+02,-1.454965e+01,-8.170338e+00,-9.632750e-01,6.143389e-02,2.613946e-01,-9.481731e-02,-9.885865e-01,-1.170737e-01,2.512189e-01,-1.375589e-01,9.581057e-01,2.281545e-01,5.359098e-03,2.498052e-01,2.719164e-03,-1.038313e-03,-9.731400e+00,
2.096188e-01,4.435531e-02,4.843264e-01,-2.444718e+00,1.336415e+00,-9.323952e+00,3.130164e-03,-5.301523e-04,7.567739e-03,8.100492e+00,1.022890e+02,-1.743339e+02,-1.455319e+01,-8.169471e+00,-9.631858e-01,6.219595e-02,2.615433e-01,-9.556270e-02,-9.885412e-01,-1.168502e-01,2.512787e-01,-1.375422e-01,9.580925e-01,2.301005e-01,1.357604e-03,2.520669e-01,-7.798672e-04,2.027869e-03,-9.731327e+00,
2.096363e-01,4.660093e-02,4.818670e-01,-2.447688e+00,1.341851e+00,-9.329619e+00,2.388199e-03,-7.683224e-04,7.811995e-03,8.108251e+00,1.022890e+02,-1.743474e+02,-1.455577e+01,-8.175622e+00,-9.631971e-01,6.192847e-02,2.615653e-01,-9.533434e-02,-9.885441e-01,-1.170137e-01,2.513223e-01,-1.376434e-01,9.580666e-01,2.296569e-01,-4.269555e-04,2.497162e-01,3.998280e-04,-1.436591e-03,-9.738252e+00,
2.117180e-01,4.207723e-02,4.795622e-01,-2.446190e+00,1.340313e+00,-9.328781e+00,3.265839e-03,-4.889187e-04,7.590895e-03,8.112805e+00,1.022770e+02,-1.743698e+02,-1.455586e+01,-8.175401e+00,-9.632338e-01,6.154356e-02,2.615209e-01,-9.495848e-02,-9.885686e-01,-1.171118e-01,2.513238e-01,-1.376397e-01,9.580667e-01,2.271209e-01,3.477462e-03,2.487825e-01,-9.307861e-04,-1.949072e-04,-9.736860e+00,
2.106768e-01,4.434886e-02,4.758160e-01,-2.445448e+00,1.343801e+00,-9.319121e+00,3.044495e-03,3.556315e-05,7.723780e-03,8.120223e+00,1.022890e+02,-1.743738e+02,-1.455657e+01,-8.181649e+00,-9.632373e-01,6.144353e-02,2.615311e-01,-9.489015e-02,-9.885603e-01,-1.172369e-01,2.513358e-01,-1.377437e-01,9.580485e-01,2.272699e-01,1.928914e-03,2.451193e-01,8.742809e-04,-3.834724e-03,-9.727900e+00,
2.085351e-01,3.989212e-02,4.818682e-01,-2.450851e+00,1.339754e+00,-9.324313e+00,3.247244e-03,-5.911249e-04,7.820575e-03,8.125659e+00,1.022770e+02,-1.743978e+02,-1.456177e+01,-8.180465e+00,-9.632544e-01,6.102236e-02,2.615672e-01,-9.448439e-02,-9.885896e-01,-1.173176e-01,2.514236e-01,-1.377207e-01,9.580289e-01,2.302570e-01,5.267143e-03,2.502600e-01,3.613710e-03,1.006722e-03,-9.733675e+00,
2.106615e-01,4.096130e-02,4.819899e-01,-2.445143e+00,1.333544e+00,-9.317180e+00,3.089840e-03,-4.584753e-04,7.925462e-03,8.132962e+00,1.022930e+02,-1.744090e+02,-1.456356e+01,-8.178155e+00,-9.632650e-01,6.083557e-02,2.615716e-01,-9.429550e-02,-9.886066e-01,-1.173259e-01,2.514538e-01,-1.376809e-01,9.580266e-01,2.285501e-01,4.117526e-03,2.506964e-01,-6.620884e-04,5.362034e-03,-9.724550e+00,
2.106727e-01,4.207855e-02,4.819919e-01,-2.443888e+00,1.343579e+00,-9.321527e+00,2.950026e-03,-2.100196e-04,7.762614e-03,8.140220e+00,1.022770e+02,-1.744189e+02,-1.456275e+01,-8.182865e+00,-9.632848e-01,6.064590e-02,2.615429e-01,-9.413011e-02,-9.886073e-01,-1.174535e-01,2.514402e-01,-1.377602e-01,9.580189e-01,2.285999e-01,3.081638e-03,2.505671e-01,-2.336502e-03,-3.383160e-03,-9.729782e+00,
2.127830e-01,4.090634e-02,4.821263e-01,-2.443369e+00,1.345252e+00,-9.333926e+00,3.446267e-03,-4.554032e-04,7.637369e-03,8.147206e+00,1.022890e+02,-1.744613e+02,-1.455869e+01,-8.184306e+00,-9.633719e-01,5.991619e-02,2.613898e-01,-9.341776e-02,-9.886480e-01,-1.176787e-01,2.513717e-01,-1.377868e-01,9.580330e-01,2.267679e-01,3.734130e-03,2.513039e-01,-5.317688e-03,-3.322124e-03,-9.741761e+00,
2.106500e-01,3.872018e-02,4.783438e-01,-2.451671e+00,1.338879e+00,-9.320881e+00,3.106121e-03,-7.974108e-05,7.527514e-03,8.152944e+00,1.022930e+02,-1.744665e+02,-1.456245e+01,-8.183862e+00,-9.633639e-01,5.982044e-02,2.614414e-01,-9.332965e-02,-9.886553e-01,-1.176885e-01,2.514352e-01,-1.377770e-01,9.580178e-01,2.276062e-01,6.182831e-03,2.478986e-01,5.079746e-03,2.083659e-03,-9.730473e+00,
2.106649e-01,3.982260e-02,4.832575e-01,-2.442441e+00,1.337555e+00,-9.330640e+00,2.960912e-03,-3.036095e-04,7.582631e-03,8.158834e+00,1.022750e+02,-1.744804e+02,-1.455947e+01,-8.182443e+00,-9.633996e-01,5.959512e-02,2.613618e-01,-9.309809e-02,-9.886720e-01,-1.177320e-01,2.513849e-01,-1.377552e-01,9.580342e-01,2.287678e-01,4.666720e-03,2.519169e-01,-5.915165e-03,3.498197e-03,-9.737320e+00,
2.117224e-01,3.980358e-02,4.808664e-01,-2.450775e+00,1.345674e+00,-9.327372e+00,2.383880e-03,-7.756205e-04,7.684981e-03,8.164288e+00,1.022820e+02,-1.744686e+02,-1.456495e+01,-8.190165e+00,-9.633564e-01,5.974935e-02,2.614852e-01,-9.329319e-02,-9.886450e-01,-1.178028e-01,2.514774e-01,-1.378809e-01,9.579917e-01,2.273486e-01,4.852790e-03,2.501161e-01,2.402782e-03,-2.962708e-03,-9.737401e+00,
2.106560e-01,3.871507e-02,4.771379e-01,-2.450146e+00,1.338631e+00,-9.320102e+00,3.629273e-03,-3.552357e-04,7.484408e-03,8.170800e+00,1.022860e+02,-1.744718e+02,-1.456850e+01,-8.185109e+00,-9.633461e-01,5.970863e-02,2.615323e-01,-9.323779e-02,-9.886595e-01,-1.177245e-01,2.515372e-01,-1.377941e-01,9.579884e-01,2.273508e-01,6.286487e-03,2.468612e-01,2.759218e-03,2.200246e-03,-9.729308e+00,
2.096222e-01,4.096818e-02,4.795369e-01,-2.439766e+00,1.342828e+00,-9.330175e+00,3.156406e-03,-2.642931e-04,7.549327e-03,8.177975e+00,1.022820e+02,-1.744897e+02,-1.456241e+01,-8.187432e+00,-9.634018e-01,5.940443e-02,2.613967e-01,-9.294007e-02,-9.886720e-01,-1.178559e-01,2.514344e-01,-1.378368e-01,9.580094e-01,2.288714e-01,4.079849e-03,2.484028e-01,-8.632421e-03,-1.248240e-03,-9.736928e+00,
2.085652e-01,4.099220e-02,4.782557e-01,-2.446517e+00,1.340077e+00,-9.337785e+00,2.745662e-03,-2.428951e-04,7.914810e-03,8.185058e+00,1.022820e+02,-1.745091e+02,-1.455965e+01,-8.188078e+00,-9.634452e-01,5.907353e-02,2.613116e-01,-9.261522e-02,-9.886901e-01,-1.179599e-01,2.513878e-01,-1.378493e-01,9.580199e-01,2.294630e-01,4.195843e-03,2.470988e-01,-3.822565e-03,3.148317e-03,-9.745537e+00,
2.117635e-01,4.314439e-02,4.821203e-01,-2.447912e+00,1.340509e+00,-9.330810e+00,3.474566e-03,-4.912032e-04,7.427266e-03,8.196605e+00,1.022750e+02,-1.745576e+02,-1.456300e+01,-8.184208e+00,-9.635087e-01,5.824555e-02,2.612634e-01,-9.179761e-02,-9.887486e-01,-1.181091e-01,2.514444e-01,-1.377825e-01,9.580145e-01,2.277689e-01,1.494005e-03,2.507856e-01,-1.135349e-03,1.340270e-03,-9.739264e+00,
2.085596e-01,3.872860e-02,4.819782e-01,-2.449093e+00,1.337001e+00,-9.329268e+00,3.204804e-03,-1.883620e-04,7.754401e-03,8.205704e+00,1.022750e+02,-1.745448e+02,-1.456343e+01,-8.180990e+00,-9.634864e-01,5.847998e-02,2.612936e-01,-9.201255e-02,-9.887423e-01,-1.179946e-01,2.514516e-01,-1.377284e-01,9.580204e-01,2.302219e-01,5.671889e-03,2.504920e-01,1.773834e-04,4.200935e-03,-9.737600e+00,
2.075201e-01,4.099688e-02,4.794616e-01,-2.448904e+00,1.339902e+00,-9.326007e+00,3.087375e-03,-4.034089e-04,7.805841e-03,8.211833e+00,1.022910e+02,-1.745354e+02,-1.456503e+01,-8.180719e+00,-9.634643e-01,5.863884e-02,2.613392e-01,-9.216923e-02,-9.887335e-01,-1.179447e-01,2.514787e-01,-1.377229e-01,9.580140e-01,2.306468e-01,4.085951e-03,2.478631e-01,7.503033e-04,8.604527e-04,-9.734828e+00,
2.107105e-01,4.317281e-02,4.771761e-01,-2.447281e+00,1.337426e+00,-9.327345e+00,3.251209e-03,-6.310441e-04,7.486840e-03,8.218402e+00,1.022910e+02,-1.745492e+02,-1.456793e+01,-8.178765e+00,-9.634738e-01,5.840321e-02,2.613572e-01,-9.193648e-02,-9.887524e-01,-1.179691e-01,2.515277e-01,-1.376884e-01,9.580063e-01,2.275454e-01,2.130631e-03,2.463700e-01,-1.767635e-03,2.950191e-03,-9.735361e+00,
2.117732e-01,4.313479e-02,4.809249e-01,-2.447051e+00,1.334674e+00,-9.333080e+00,3.301338e-03,-3.122514e-04,7.449541e-03,8.223082e+00,1.022790e+02,-1.745655e+02,-1.456625e+01,-8.172838e+00,-9.635070e-01,5.815343e-02,2.612896e-01,-9.166352e-02,-9.887806e-01,-1.179437e-01,2.514993e-01,-1.375903e-01,9.580276e-01,2.274955e-01,1.654744e-03,2.497737e-01,-3.270149e-03,5.383253e-03,-9.740417e+00,
2.107041e-01,4.205418e-02,4.747373e-01,-2.445611e+00,1.337057e+00,-9.326615e+00,2.984112e-03,-5.594256e-04,7.592621e-03,8.227916e+00,1.022790e+02,-1.745774e+02,-1.456567e+01,-8.172061e+00,-9.635287e-01,5.795281e-02,2.612547e-01,-9.146347e-02,-9.887941e-01,-1.179855e-01,2.514895e-01,-1.375777e-01,9.580320e-01,2.269227e-01,3.277492e-03,2.444620e-01,-2.719164e-03,2.015948e-03,-9.734191e+00,
2.128277e-01,4.198680e-02,4.797805e-01,-2.448062e+00,1.346778e+00,-9.329841e+00,3.218258e-03,-4.095512e-04,7.571455e-03,8.235094e+00,1.022790e+02,-1.745887e+02,-1.456690e+01,-8.177479e+00,-9.635414e-01,5.773018e-02,2.612574e-01,-9.127297e-02,-9.887948e-01,-1.181286e-01,2.515103e-01,-1.376675e-01,9.580138e-01,2.262871e-01,2.570335e-03,2.491781e-01,-9.310246e-04,-6.124258e-03,-9.739237e+00,
2.117662e-01,4.087712e-02,4.821933e-01,-2.444184e+00,1.342027e+00,-9.330751e+00,3.328880e-03,-6.666912e-04,7.762940e-03,8.242952e+00,1.022910e+02,-1.746001e+02,-1.456552e+01,-8.177700e+00,-9.635655e-01,5.753542e-02,2.612110e-01,-9.108149e-02,-9.888054e-01,-1.181867e-01,2.514869e-01,-1.376721e-01,9.580192e-01,2.276781e-01,3.322024e-03,2.511142e-01,-4.949331e-03,-1.613498e-03,-9.738480e+00,
2.096577e-01,4.205763e-02,4.771652e-01,-2.443611e+00,1.341405e+00,-9.330673e+00,2.787906e-03,1.076639e-04,7.712714e-03,8.250241e+00,1.022950e+02,-1.746173e+02,-1.455819e+01,-8.181014e+00,-9.636249e-01,5.724193e-02,2.610569e-01,-9.079614e-02,-9.888142e-01,-1.183336e-01,2.513631e-01,-1.377321e-01,9.580432e-01,2.283397e-01,2.898913e-03,2.463011e-01,-4.327536e-03,-3.975630e-04,-9.738176e+00,
2.106957e-01,3.865343e-02,4.821609e-01,-2.445719e+00,1.337993e+00,-9.324186e+00,3.266100e-03,-4.219832e-04,7.789168e-03,8.255141e+00,1.022840e+02,-1.746420e+02,-1.455961e+01,-8.179832e+00,-9.636576e-01,5.681686e-02,2.610284e-01,-9.037940e-02,-9.888414e-01,-1.184236e-01,2.513872e-01,-1.377114e-01,9.580396e-01,2.284435e-01,5.162466e-03,2.511423e-01,-1.020432e-03,2.184153e-03,-9.732019e+00,
2.086172e-01,4.318187e-02,4.820287e-01,-2.450056e+00,1.340660e+00,-9.315229e+00,3.434872e-03,-3.189846e-04,8.017099e-03,8.261719e+00,1.022840e+02,-1.746282e+02,-1.456444e+01,-8.179734e+00,-9.636148e-01,5.704437e-02,2.611372e-01,-9.060994e-02,-9.888291e-01,-1.183514e-01,2.514687e-01,-1.377068e-01,9.580191e-01,2.304199e-01,1.464799e-03,2.500047e-01,4.834414e-03,-1.213670e-03,-9.724898e+00,
2.117908e-01,4.311986e-02,4.785268e-01,-2.444465e+00,1.338452e+00,-9.330144e+00,3.374555e-03,-6.676051e-05,7.495025e-03,8.266604e+00,1.022840e+02,-1.746248e+02,-1.455965e+01,-8.176185e+00,-9.636304e-01,5.713034e-02,2.610609e-01,-9.066877e-02,-9.888319e-01,-1.182822e-01,2.513879e-01,-1.376504e-01,9.580483e-01,2.269040e-01,1.659937e-03,2.477857e-01,-3.708839e-03,1.722932e-03,-9.737476e+00,
2.107205e-01,4.088599e-02,4.821722e-01,-2.441571e+00,1.337681e+00,-9.329494e+00,3.694031e-03,-1.444883e-04,7.580418e-03,8.272141e+00,1.022770e+02,-1.746362e+02,-1.455584e+01,-8.172468e+00,-9.636650e-01,5.696016e-02,2.609703e-01,-9.047910e-02,-9.888501e-01,-1.182758e-01,2.513235e-01,-1.375906e-01,9.580738e-01,2.285168e-01,3.279749e-03,2.509044e-01,-5.669355e-03,1.598358e-03,-9.736020e+00,
2.107752e-01,4.760884e-02,4.821459e-01,-2.449163e+00,1.337896e+00,-9.328512e+00,3.606241e-03,-2.853101e-04,7.698067e-03,8.278583e+00,1.022770e+02,-1.746348e+02,-1.455848e+01,-8.168947e+00,-9.636513e-01,5.699351e-02,2.610136e-01,-9.050106e-02,-9.888566e-01,-1.182047e-01,2.513681e-01,-1.375301e-01,9.580708e-01,2.288111e-01,-2.538234e-03,2.500726e-01,1.522303e-03,1.338959e-03,-9.737018e+00,
2.118080e-01,4.422297e-02,4.809995e-01,-2.445541e+00,1.330873e+00,-9.325556e+00,2.907495e-03,-3.177908e-04,7.818005e-03,8.284945e+00,1.022880e+02,-1.746364e+02,-1.455711e+01,-8.164751e+00,-9.636596e-01,5.698923e-02,2.609833e-01,-9.047560e-02,-9.888663e-01,-1.181415e-01,2.513448e-01,-1.374608e-01,9.580867e-01,2.274965e-01,4.557036e-04,2.497516e-01,-1.299620e-03,6.941080e-03,-9.732307e+00,
2.108067e-01,5.096208e-02,4.833724e-01,-2.445139e+00,1.339409e+00,-9.329906e+00,2.118728e-03,-8.307408e-04,7.630881e-03,8.292027e+00,1.022880e+02,-1.746355e+02,-1.455912e+01,-8.171775e+00,-9.636495e-01,5.696777e-02,2.610257e-01,-9.048974e-02,-9.888515e-01,-1.182555e-01,2.513788e-01,-1.375770e-01,9.580612e-01,2.292374e-01,-5.598783e-03,2.507029e-01,-2.784014e-03,9.620190e-05,-9.737549e+00,
2.139026e-01,4.081227e-02,4.786975e-01,-2.449843e+00,1.338191e+00,-9.332492e+00,3.142247e-03,-1.860836e-04,7.716858e-03,8.298806e+00,1.022930e+02,-1.746427e+02,-1.455989e+01,-8.170498e+00,-9.636576e-01,5.684613e-02,2.610222e-01,-9.036701e-02,-9.888616e-01,-1.182655e-01,2.513918e-01,-1.375552e-01,9.580609e-01,2.250390e-01,3.437947e-03,2.486757e-01,8.943081e-04,1.810551e-03,-9.741041e+00,
2.117923e-01,4.084449e-02,4.822746e-01,-2.442981e+00,1.338390e+00,-9.326392e+00,3.424625e-03,-3.777212e-04,7.691869e-03,8.304570e+00,1.022930e+02,-1.746564e+02,-1.455775e+01,-8.169444e+00,-9.636886e-01,5.661990e-02,2.609572e-01,-9.013774e-02,-9.888768e-01,-1.183129e-01,2.513556e-01,-1.375389e-01,9.580728e-01,2.276388e-01,3.156062e-03,2.512257e-01,-3.737211e-03,1.341105e-04,-9.733500e+00,
2.118117e-01,4.308406e-02,4.822683e-01,-2.444278e+00,1.340160e+00,-9.329690e+00,3.594532e-03,-3.784870e-04,7.550459e-03,8.310520e+00,1.022810e+02,-1.746738e+02,-1.455662e+01,-8.166959e+00,-9.637207e-01,5.633455e-02,2.609003e-01,-8.984648e-02,-9.888988e-01,-1.183508e-01,2.513367e-01,-1.374980e-01,9.580837e-01,2.277269e-01,1.152825e-03,2.509593e-01,-3.019333e-03,-1.496911e-03,-9.737229e+00,
2.107562e-01,4.310423e-02,4.822181e-01,-2.449226e+00,1.334273e+00,-9.321383e+00,3.209326e-03,-1.937945e-04,7.860701e-03,8.316367e+00,1.022810e+02,-1.746896e+02,-1.455924e+01,-8.164624e+00,-9.637339e-01,5.606645e-02,2.609089e-01,-8.957987e-02,-9.889196e-01,-1.183783e-01,2.513809e-01,-1.374573e-01,9.580777e-01,2.286209e-01,1.174118e-03,2.506718e-01,3.178358e-03,3.361821e-03,-9.729704e+00,
2.107773e-01,4.534014e-02,4.834433e-01,-2.448658e+00,1.335365e+00,-9.323894e+00,3.377149e-03,-8.977925e-05,7.685585e-03,8.323533e+00,1.022810e+02,-1.746968e+02,-1.455865e+01,-8.161585e+00,-9.637480e-01,5.595636e-02,2.608810e-01,-8.945795e-02,-9.889330e-01,-1.183598e-01,2.513708e-01,-1.374069e-01,9.580877e-01,2.289902e-01,-9.111799e-04,2.514414e-01,2.184391e-03,2.039433e-03,-9.732118e+00,
2.107539e-01,4.197299e-02,4.834692e-01,-2.443149e+00,1.339273e+00,-9.332093e+00,3.092535e-03,-2.114874e-04,7.419359e-03,8.329284e+00,1.022930e+02,-1.747133e+02,-1.455729e+01,-8.162949e+00,-9.637796e-01,5.566877e-02,2.608258e-01,-8.918114e-02,-9.889459e-01,-1.184605e-01,2.513480e-01,-1.374306e-01,9.580904e-01,2.288457e-01,1.940243e-03,2.518695e-01,-4.837751e-03,-1.101375e-03,-9.739126e+00,
2.107522e-01,4.198302e-02,4.797870e-01,-2.445319e+00,1.338981e+00,-9.334769e+00,2.970258e-03,-1.520259e-04,7.734530e-03,8.332686e+00,1.022810e+02,-1.747211e+02,-1.455468e+01,-8.163780e+00,-9.638029e-01,5.553746e-02,2.607671e-01,-8.905183e-02,-9.889511e-01,-1.185142e-01,2.513039e-01,-1.374461e-01,9.580996e-01,2.279931e-01,2.278738e-03,2.487782e-01,-3.031015e-03,-1.244545e-04,-9.742195e+00,
2.107562e-01,4.197296e-02,4.822505e-01,-2.441386e+00,1.346268e+00,-9.334891e+00,2.920329e-03,-4.684734e-04,7.854839e-03,8.336432e+00,1.022810e+02,-1.747363e+02,-1.455001e+01,-8.170638e+00,-9.638469e-01,5.525430e-02,2.606644e-01,-8.879729e-02,-9.889505e-01,-1.187091e-01,2.512250e-01,-1.375637e-01,9.581034e-01,2.285365e-01,1.932144e-03,2.508705e-01,-5.764723e-03,-6.467700e-03,-9.742326e+00,
2.118262e-01,4.306367e-02,4.835390e-01,-2.443329e+00,1.343452e+00,-9.333103e+00,2.513459e-03,-2.123563e-04,7.732716e-03,8.342834e+00,1.022860e+02,-1.747479e+02,-1.454783e+01,-8.178084e+00,-9.638746e-01,5.502519e-02,2.606111e-01,-8.860278e-02,-9.889459e-01,-1.188938e-01,2.511881e-01,-1.376896e-01,9.580952e-01,2.279720e-01,6.803647e-04,2.520658e-01,-3.323793e-03,-2.467871e-03,-9.740716e+00,
2.096955e-01,4.086915e-02,4.822152e-01,-2.452427e+00,1.344950e+00,-9.321162e+00,2.627429e-03,-4.228045e-04,7.706720e-03,8.348343e+00,1.022860e+02,-1.747591e+02,-1.455505e+01,-8.185113e+00,-9.638603e-01,5.478310e-02,2.607149e-01,-8.841196e-02,-9.889436e-01,-1.190549e-01,2.513101e-01,-1.378026e-01,9.580469e-01,2.294020e-01,2.812907e-03,2.507156e-01,7.312059e-03,-3.526449e-03,-9.731768e+00,
2.107369e-01,3.860313e-02,4.810621e-01,-2.448128e+00,1.342616e+00,-9.324873e+00,2.767163e-03,-3.839553e-04,7.834843e-03,8.353550e+00,1.022860e+02,-1.747555e+02,-1.455610e+01,-8.188537e+00,-9.638501e-01,5.482720e-02,2.607431e-01,-8.847216e-02,-9.889332e-01,-1.190960e-01,2.513279e-01,-1.378592e-01,9.580340e-01,2.281525e-01,4.818611e-03,2.502441e-01,1.844168e-03,-6.114244e-04,-9.733921e+00,
2.118228e-01,4.194040e-02,4.811094e-01,-2.443471e+00,1.340578e+00,-9.331711e+00,2.327305e-03,-6.066405e-04,7.600825e-03,8.358793e+00,1.022860e+02,-1.747678e+02,-1.455614e+01,-8.192060e+00,-9.638690e-01,5.459791e-02,2.607215e-01,-8.826438e-02,-9.889378e-01,-1.192129e-01,2.513286e-01,-1.379181e-01,9.580255e-01,2.274064e-01,1.762036e-03,2.501182e-01,-4.598618e-03,2.384186e-03,-9.739020e+00,
2.076001e-01,4.315847e-02,4.796471e-01,-2.445357e+00,1.339877e+00,-9.325214e+00,4.166159e-03,-2.063747e-04,7.760905e-03,8.364807e+00,1.022900e+02,-1.747528e+02,-1.455597e+01,-8.185310e+00,-9.638465e-01,5.488876e-02,2.607435e-01,-8.851760e-02,-9.889373e-01,-1.190282e-01,2.513257e-01,-1.378053e-01,9.580424e-01,2.307025e-01,1.279764e-03,2.478101e-01,-9.958744e-04,1.366615e-03,-9.733173e+00,
2.118601e-01,4.642498e-02,4.798689e-01,-2.448065e+00,1.338536e+00,-9.325502e+00,3.150464e-03,-3.564937e-04,7.713924e-03,8.369357e+00,1.022900e+02,-1.747530e+02,-1.455629e+01,-8.183596e+00,-9.638455e-01,5.489209e-02,2.607467e-01,-8.851384e-02,-9.889412e-01,-1.189991e-01,2.513310e-01,-1.377764e-01,9.580452e-01,2.273038e-01,-1.905020e-03,2.485414e-01,1.436949e-03,2.680898e-03,-9.733946e+00,
2.128858e-01,4.191755e-02,4.787304e-01,-2.442919e+00,1.340328e+00,-9.326070e+00,3.516332e-03,-4.371219e-04,7.632887e-03,8.373092e+00,1.023020e+02,-1.747581e+02,-1.455561e+01,-8.181547e+00,-9.638564e-01,5.481587e-02,2.607229e-01,-8.842916e-02,-9.889502e-01,-1.189878e-01,2.513195e-01,-1.377426e-01,9.580531e-01,2.259533e-01,2.041355e-03,2.483585e-01,-3.425598e-03,1.965761e-04,-9.733443e+00,
2.118127e-01,3.969134e-02,4.799172e-01,-2.450974e+00,1.337297e+00,-9.329561e+00,3.230052e-03,-5.554149e-04,7.785640e-03,8.377757e+00,1.022790e+02,-1.747593e+02,-1.456026e+01,-8.178368e+00,-9.638378e-01,5.479742e-02,2.607947e-01,-8.840606e-02,-9.889589e-01,-1.189315e-01,2.513981e-01,-1.376865e-01,9.580404e-01,2.270457e-01,3.948469e-03,2.493726e-01,2.521753e-03,3.728390e-03,-9.738395e+00,
