MagX, MagY, MagZ, AccX, AccY, AccZ, GyroX, GyroY, GyroZ, Temp, Pres, Yaw, Pitch, Roll, DCM1, DCM2, DCM3, DCM4, DCM5, DCM6, DCM7, DCM8, DCM9, MagNED1, MagNED2, MagNED3, AccNED1, AccNED2, ACCNED3, 
2.005680e-01,5.017573e-03,4.926512e-01,-2.288137e+00,1.199652e+00,-9.446402e+00,3.755091e-03,-6.619154e-05,6.205473e-03,1.560878e+01,1.022480e+02,-1.449876e+01,-1.356557e+01,-7.233098e+00,9.411436e-01,2.769586e-01,-1.937591e-01,-2.433746e-01,9.530548e-01,1.801530e-01,2.345580e-01,-1.223938e-01,9.643662e-01,-2.326097e-01,4.268450e-02,2.915664e-01,9.114861e-03,-1.588702e-03,-9.793322e+00,
2.027174e-01,2.680671e-03,4.890019e-01,-2.295993e+00,1.195636e+00,-9.450305e+00,3.862390e-03,-4.843318e-04,6.109833e-03,1.560874e+01,1.022480e+02,-1.450064e+01,-1.356501e+01,-7.230835e+00,9.411380e-01,2.769811e-01,-1.937550e-01,-2.434061e-01,9.530534e-01,1.801194e-01,2.345485e-01,-1.223560e-01,9.643735e-01,-2.307114e-01,3.957388e-02,2.890817e-01,1.365662e-03,-3.819585e-03,-9.798439e+00,
1.994294e-01,-1.846726e-03,4.913703e-01,-2.296757e+00,1.199272e+00,-9.452466e+00,3.609008e-03,-5.020572e-04,6.081428e-03,1.560889e+01,1.022480e+02,-1.449387e+01,-1.356551e+01,-7.230970e+00,9.411647e-01,2.768699e-01,-1.937837e-01,-2.432943e-01,9.530853e-01,1.801008e-01,2.345569e-01,-1.223580e-01,9.643711e-01,-2.350977e-01,3.673425e-02,2.909625e-01,2.150178e-03,-6.003380e-04,-9.801146e+00,
1.994472e-01,4.494345e-04,4.913581e-01,-2.298296e+00,1.201701e+00,-9.451297e+00,3.838212e-03,-5.945679e-04,6.218094e-03,1.560909e+01,1.022480e+02,-1.449095e+01,-1.356665e+01,-7.231232e+00,9.411725e-01,2.768247e-01,-1.938104e-01,-2.432452e-01,9.530979e-01,1.801002e-01,2.345764e-01,-1.223619e-01,9.643658e-01,-2.345083e-01,3.871309e-02,2.906950e-01,1.326323e-03,2.208114e-03,-9.800676e+00,
2.016439e-01,3.845677e-03,4.914598e-01,-2.301214e+00,1.210544e+00,-9.444405e+00,3.896594e-03,-3.837143e-04,5.982073e-03,1.561072e+01,1.022480e+02,-1.448554e+01,-1.356781e+01,-7.233409e+00,9.411909e-01,2.767443e-01,-1.938358e-01,-2.431551e-01,9.531167e-01,1.801229e-01,2.345961e-01,-1.223979e-01,9.643565e-01,-2.317927e-01,4.118401e-02,2.908712e-01,-2.068281e-04,1.218832e-02,-9.795797e+00,
1.983767e-01,1.607806e-03,4.963410e-01,-2.297526e+00,1.201687e+00,-9.446180e+00,3.698259e-03,-5.038878e-04,6.307012e-03,1.561231e+01,1.022480e+02,-1.448417e+01,-1.356900e+01,-7.234914e+00,9.411921e-01,2.767291e-01,-1.938521e-01,-2.431314e-01,9.531180e-01,1.801483e-01,2.346161e-01,-1.224226e-01,9.643486e-01,-2.360252e-01,4.077020e-02,2.947065e-01,1.289845e-03,2.236366e-03,-9.795561e+00,
1.983559e-01,-6.805426e-04,4.925715e-01,-2.301194e+00,1.199171e+00,-9.452986e+00,3.919063e-03,-6.217398e-04,6.214230e-03,1.561355e+01,1.022520e+02,-1.448261e+01,-1.357049e+01,-7.233216e+00,9.411927e-01,2.767005e-01,-1.938895e-01,-2.431043e-01,9.531299e-01,1.801211e-01,2.346415e-01,-1.223933e-01,9.643460e-01,-2.359650e-01,3.815479e-02,2.916386e-01,-1.221299e-03,-2.857447e-04,-9.802675e+00,
1.994554e-01,1.604559e-03,4.875759e-01,-2.296930e+00,1.204108e+00,-9.458293e+00,3.818301e-03,-1.611461e-04,6.133856e-03,1.561499e+01,1.022480e+02,-1.447938e+01,-1.356848e+01,-7.233423e+00,9.412144e-01,2.766432e-01,-1.938659e-01,-2.430532e-01,9.531461e-01,1.801051e-01,2.346074e-01,-1.223978e-01,9.643538e-01,-2.335559e-01,3.906123e-02,2.872383e-01,4.844427e-03,2.480030e-03,-9.807398e+00,
1.994255e-01,-3.009688e-03,4.951682e-01,-2.304755e+00,1.202875e+00,-9.452106e+00,3.874762e-03,-3.606569e-04,6.255391e-03,1.561537e+01,1.022480e+02,-1.448164e+01,-1.356908e+01,-7.233199e+00,9.412023e-01,2.766813e-01,-1.938698e-01,-2.430897e-01,9.531354e-01,1.801116e-01,2.346176e-01,-1.223937e-01,9.643518e-01,-2.360873e-01,3.631559e-02,2.944142e-01,-3.950357e-03,4.331589e-03,-9.803116e+00,
1.983742e-01,1.616058e-03,4.925602e-01,-2.291402e+00,1.198310e+00,-9.451067e+00,3.662219e-03,-1.936755e-04,6.494297e-03,1.561554e+01,1.022480e+02,-1.448563e+01,-1.356610e+01,-7.233440e+00,9.411973e-01,2.767424e-01,-1.938075e-01,-2.431583e-01,9.531171e-01,1.801165e-01,2.345671e-01,-1.223993e-01,9.643634e-01,-2.353443e-01,4.015125e-02,2.913949e-01,6.649256e-03,-2.990127e-03,-9.798422e+00,
1.994924e-01,6.192471e-03,4.900713e-01,-2.302773e+00,1.200089e+00,-9.445673e+00,3.823432e-03,-3.086796e-04,6.064942e-03,1.561557e+01,1.022520e+02,-1.448417e+01,-1.356698e+01,-7.232999e+00,9.412001e-01,2.767185e-01,-1.938284e-01,-2.431336e-01,9.531251e-01,1.801080e-01,2.345819e-01,-1.223914e-01,9.643609e-01,-2.327982e-01,4.346162e-02,2.889330e-01,-4.443526e-03,2.475262e-03,-9.796106e+00,
1.972639e-01,-1.809123e-03,4.937815e-01,-2.296089e+00,1.200993e+00,-9.452292e+00,3.709506e-03,-4.063851e-04,6.213524e-03,1.561566e+01,1.022360e+02,-1.448767e+01,-1.356617e+01,-7.233685e+00,9.411884e-01,2.767773e-01,-1.938009e-01,-2.431918e-01,9.531063e-01,1.801278e-01,2.345681e-01,-1.224034e-01,9.643626e-01,-2.373742e-01,3.763338e-02,2.926124e-01,3.218293e-03,4.431009e-04,-9.801032e+00,
2.016364e-01,2.696883e-03,4.902131e-01,-2.295648e+00,1.201813e+00,-9.451612e+00,3.766985e-03,-2.213308e-04,6.348893e-03,1.561637e+01,1.022400e+02,-1.448678e+01,-1.356428e+01,-7.234056e+00,9.411997e-01,2.767599e-01,-1.937712e-01,-2.431791e-01,9.531106e-01,1.801230e-01,2.345362e-01,-1.224106e-01,9.643695e-01,-2.318495e-01,3.998780e-02,2.899170e-01,3.400803e-03,1.261234e-03,-9.800373e+00,
2.026984e-01,-7.861707e-04,4.953361e-01,-2.298873e+00,1.200301e+00,-9.449760e+00,3.779188e-03,-2.297917e-05,6.443303e-03,1.561612e+01,1.022480e+02,-1.448174e+01,-1.356277e+01,-7.233793e+00,9.412271e-01,2.766720e-01,-1.937636e-01,-2.430979e-01,9.531366e-01,1.800952e-01,2.345105e-01,-1.224070e-01,9.643763e-01,-2.327177e-01,3.754483e-02,2.950394e-01,-6.518364e-04,1.045465e-03,-9.799160e+00,
1.994297e-01,-1.844365e-03,4.888564e-01,-2.299739e+00,1.204931e+00,-9.446388e+00,3.741838e-03,-9.250490e-05,6.400098e-03,1.561530e+01,1.022400e+02,-1.448104e+01,-1.356076e+01,-7.234956e+00,9.412380e-01,2.766602e-01,-1.937274e-01,-2.430885e-01,9.531374e-01,1.801037e-01,2.344764e-01,-1.224276e-01,9.643819e-01,-2.346325e-01,3.628797e-02,2.887748e-01,-1.221299e-03,6.174803e-03,-9.796678e+00,
2.005401e-01,1.583821e-03,4.863765e-01,-2.291072e+00,1.196306e+00,-9.450365e+00,3.879944e-03,-2.991500e-04,6.187845e-03,1.561494e+01,1.022400e+02,-1.447943e+01,-1.355933e+01,-7.233092e+00,9.412504e-01,2.766242e-01,-1.937183e-01,-2.430635e-01,9.531517e-01,1.800613e-01,2.344522e-01,-1.223969e-01,9.643917e-01,-2.323753e-01,3.859317e-02,2.864560e-01,5.162597e-03,-4.508376e-03,-9.797424e+00,
1.994511e-01,4.395910e-04,4.938878e-01,-2.295727e+00,1.198962e+00,-9.442351e+00,3.849817e-03,-3.553038e-04,6.380594e-03,1.561570e+01,1.022480e+02,-1.447671e+01,-1.355852e+01,-7.232250e+00,9.412653e-01,2.765743e-01,-1.937177e-01,-2.430196e-01,9.531680e-01,1.800347e-01,2.344384e-01,-1.223832e-01,9.643968e-01,-2.349222e-01,3.905583e-02,2.929536e-01,-1.363754e-04,7.678270e-04,-9.791113e+00,
1.994510e-01,4.399411e-04,4.938867e-01,-2.295905e+00,1.198602e+00,-9.451271e+00,3.789143e-03,-7.011617e-04,6.103026e-03,1.561466e+01,1.022480e+02,-1.448251e+01,-1.356028e+01,-7.231307e+00,9.412336e-01,2.766712e-01,-1.937327e-01,-2.431130e-01,9.531419e-01,1.800460e-01,2.344683e-01,-1.223664e-01,9.643916e-01,-2.349280e-01,3.907655e-02,2.929449e-01,1.656294e-03,-1.060843e-03,-9.799711e+00,
1.994743e-01,3.897818e-03,4.888251e-01,-2.295888e+00,1.196209e+00,-9.444878e+00,3.648964e-03,-4.363536e-04,6.289215e-03,1.561621e+01,1.022520e+02,-1.447887e+01,-1.355964e+01,-7.230777e+00,9.412516e-01,2.766076e-01,-1.937362e-01,-2.430540e-01,9.531615e-01,1.800222e-01,2.344574e-01,-1.223578e-01,9.643953e-01,-2.331433e-01,4.122517e-02,2.881197e-01,-3.131628e-04,-2.082467e-03,-9.793249e+00,
2.026976e-01,-7.828308e-04,4.940755e-01,-2.295058e+00,1.202301e+00,-9.448563e+00,3.586942e-03,-2.369988e-04,6.221964e-03,1.561636e+01,1.022480e+02,-1.447811e+01,-1.355897e+01,-7.232413e+00,9.412575e-01,2.765991e-01,-1.937197e-01,-2.430422e-01,9.531605e-01,1.800440e-01,2.344460e-01,-1.223857e-01,9.643946e-01,-2.324804e-01,3.731351e-02,2.939464e-01,2.687812e-03,2.624869e-03,-9.797355e+00,
2.005308e-01,4.340497e-04,4.863823e-01,-2.299998e+00,1.203120e+00,-9.441099e+00,3.733344e-03,-8.740670e-05,6.340607e-03,1.561685e+01,1.022480e+02,-1.447260e+01,-1.355860e+01,-7.233981e+00,9.412824e-01,2.765120e-01,-1.937235e-01,-2.429520e-01,9.531823e-01,1.800499e-01,2.344398e-01,-1.224123e-01,9.643928e-01,-2.326738e-01,3.757413e-02,2.865907e-01,-3.307939e-03,5.713344e-03,-9.791416e+00,
2.005423e-01,1.572343e-03,4.901597e-01,-2.302007e+00,1.197762e+00,-9.450036e+00,3.903873e-03,-5.042680e-04,6.243681e-03,1.561650e+01,1.022520e+02,-1.447227e+01,-1.356094e+01,-7.232276e+00,9.412745e-01,2.765056e-01,-1.937709e-01,-2.429443e-01,9.531881e-01,1.800303e-01,2.344795e-01,-1.223824e-01,9.643870e-01,-2.330579e-01,3.917158e-02,2.897749e-01,-4.490733e-03,-3.410578e-04,-9.799850e+00,
2.005161e-01,-1.873261e-03,4.901792e-01,-2.294933e+00,1.198166e+00,-9.448169e+00,3.769723e-03,-3.372182e-04,6.176226e-03,1.561658e+01,1.022480e+02,-1.447389e+01,-1.356012e+01,-7.231256e+00,9.412709e-01,2.765273e-01,-1.937574e-01,-2.429716e-01,9.531839e-01,1.800153e-01,2.344656e-01,-1.223656e-01,9.643924e-01,-2.339482e-01,3.618811e-02,2.901735e-01,1.824379e-03,-1.138806e-03,-9.796439e+00,
1.994645e-01,2.752125e-03,4.875705e-01,-2.296106e+00,1.202530e+00,-9.450150e+00,3.856308e-03,-2.183875e-04,6.165432e-03,1.561710e+01,1.022360e+02,-1.447125e+01,-1.355915e+01,-7.231317e+00,9.412860e-01,2.764817e-01,-1.937495e-01,-2.429293e-01,9.531970e-01,1.800033e-01,2.344490e-01,-1.223672e-01,9.643963e-01,-2.332211e-01,3.999812e-02,2.871453e-01,2.146721e-03,2.980590e-03,-9.799159e+00,
1.994438e-01,-7.138156e-04,4.951577e-01,-2.294114e+00,1.200662e+00,-9.441257e+00,3.879055e-03,-1.537344e-04,6.198350e-03,1.561748e+01,1.022520e+02,-1.447289e+01,-1.355705e+01,-7.230947e+00,9.412872e-01,2.765033e-01,-1.937120e-01,-2.429583e-01,9.531912e-01,1.799939e-01,2.344135e-01,-1.223620e-01,9.644054e-01,-2.354403e-01,3.823900e-02,2.942019e-01,1.451254e-03,2.465844e-03,-9.789886e+00,
2.005513e-01,2.721724e-03,4.901527e-01,-2.297036e+00,1.199052e+00,-9.446315e+00,3.705986e-03,-7.340167e-04,6.328692e-03,1.561679e+01,1.022520e+02,-1.447071e+01,-1.355919e+01,-7.231003e+00,9.412880e-01,2.764717e-01,-1.937535e-01,-2.429204e-01,9.532005e-01,1.799965e-01,2.344498e-01,-1.223619e-01,9.643967e-01,-2.327537e-01,4.015074e-02,2.896492e-01,-4.115105e-04,6.303787e-04,-9.795253e+00,
2.005436e-01,1.569372e-03,4.914207e-01,-2.295998e+00,1.193121e+00,-9.451548e+00,3.766789e-03,-2.498297e-04,6.205988e-03,1.561651e+01,1.022480e+02,-1.447293e+01,-1.355818e+01,-7.228928e+00,9.412825e-01,2.764995e-01,-1.937400e-01,-2.429578e-01,9.531968e-01,1.799652e-01,2.344327e-01,-1.223274e-01,9.644051e-01,-2.332708e-01,3.935551e-02,2.908935e-01,-1.420975e-04,-5.839825e-03,-9.799329e+00,
1.994376e-01,-1.869497e-03,4.976884e-01,-2.296486e+00,1.204480e+00,-9.453988e+00,3.879169e-03,-1.552162e-04,6.169381e-03,1.561733e+01,1.022400e+02,-1.447487e+01,-1.355652e+01,-7.229321e+00,9.412810e-01,2.765298e-01,-1.937049e-01,-2.429915e-01,9.531871e-01,1.799713e-01,2.344044e-01,-1.223349e-01,9.644111e-01,-2.361816e-01,3.764976e-02,2.965545e-01,2.720594e-03,4.674792e-03,-9.803188e+00,
2.005374e-01,4.133503e-04,4.939514e-01,-2.290284e+00,1.200517e+00,-9.451722e+00,3.942908e-03,-3.974121e-04,6.147552e-03,1.561790e+01,1.022480e+02,-1.447604e+01,-1.355589e+01,-7.228526e+00,9.412785e-01,2.765451e-01,-1.936949e-01,-2.430113e-01,9.531843e-01,1.799594e-01,2.343938e-01,-1.223218e-01,9.644154e-01,-2.340012e-01,3.877536e-02,2.932538e-01,6.952763e-03,-4.720688e-05,-9.799065e+00,
2.005333e-01,4.247567e-04,4.901643e-01,-2.301365e+00,1.198723e+00,-9.446338e+00,4.023594e-03,-4.927862e-04,6.279420e-03,1.561607e+01,1.022520e+02,-1.447715e+01,-1.355708e+01,-7.226454e+00,9.412690e-01,2.765590e-01,-1.937207e-01,-2.430283e-01,9.531847e-01,1.799337e-01,2.344139e-01,-1.222864e-01,9.644149e-01,-2.333414e-01,3.815944e-02,2.899187e-01,-4.734755e-03,2.186775e-03,-9.796247e+00,
1.983806e-01,2.773643e-03,4.887719e-01,-2.296426e+00,1.199111e+00,-9.446504e+00,3.980185e-03,-2.562009e-04,6.114637e-03,1.561654e+01,1.022360e+02,-1.448318e+01,-1.355672e+01,-7.225383e+00,9.412449e-01,2.766550e-01,-1.937012e-01,-2.431277e-01,9.531593e-01,1.799347e-01,2.344079e-01,-1.222685e-01,9.644188e-01,-2.343453e-01,4.046569e-02,2.879750e-01,3.945827e-05,1.514196e-03,-9.795299e+00,
1.994252e-01,-3.005546e-03,4.926515e-01,-2.299848e+00,1.201033e+00,-9.440822e+00,3.614458e-03,-2.042776e-04,6.014163e-03,1.561834e+01,1.022400e+02,-1.448287e+01,-1.355704e+01,-7.226942e+00,9.412451e-01,2.766558e-01,-1.936998e-01,-2.431223e-01,9.531558e-01,1.799610e-01,2.344133e-01,-1.222946e-01,9.644142e-01,-2.355905e-01,3.585994e-02,2.922499e-01,-3.763318e-03,4.936576e-03,-9.790858e+00,
1.972812e-01,4.920158e-04,4.912517e-01,-2.294826e+00,1.199055e+00,-9.440020e+00,3.883821e-03,-5.176104e-04,6.094692e-03,1.562027e+01,1.022520e+02,-1.448415e+01,-1.355807e+01,-7.226465e+00,9.412354e-01,2.766776e-01,-1.937149e-01,-2.431423e-01,9.531504e-01,1.799617e-01,2.344308e-01,-1.222860e-01,9.644109e-01,-2.363053e-01,3.914635e-02,2.901679e-01,4.525185e-04,2.006888e-03,-9.788664e+00,
1.984128e-01,6.203157e-03,4.938031e-01,-2.302411e+00,1.205085e+00,-9.443067e+00,3.757258e-03,-9.694157e-05,6.258146e-03,1.562054e+01,1.022480e+02,-1.448614e+01,-1.355754e+01,-7.227712e+00,9.412291e-01,2.767139e-01,-1.936940e-01,-2.431755e-01,9.531372e-01,1.799870e-01,2.344218e-01,-1.223073e-01,9.644104e-01,-2.343397e-01,4.428798e-02,2.920175e-01,-4.567266e-03,8.872747e-03,-9.794118e+00,
1.994437e-01,-7.080996e-04,4.913835e-01,-2.294829e+00,1.199786e+00,-9.447065e+00,3.667034e-03,-2.062823e-04,6.289415e-03,1.562296e+01,1.022480e+02,-1.448479e+01,-1.355686e+01,-7.228498e+00,9.412376e-01,2.766926e-01,-1.936833e-01,-2.431540e-01,9.531417e-01,1.799926e-01,2.344102e-01,-1.223209e-01,9.644116e-01,-2.347674e-01,3.765951e-02,2.908851e-01,1.731515e-03,1.160860e-03,-9.795549e+00,
2.026906e-01,-1.934273e-03,4.928314e-01,-2.301621e+00,1.200819e+00,-9.431380e+00,3.868387e-03,-4.330315e-04,6.352713e-03,1.562389e+01,1.022480e+02,-1.448386e+01,-1.355874e+01,-7.228898e+00,9.412340e-01,2.766823e-01,-1.937149e-01,-2.431367e-01,9.531438e-01,1.800040e-01,2.344421e-01,-1.223266e-01,9.644030e-01,-2.325571e-01,3.611386e-02,2.929797e-01,-7.119656e-03,6.475925e-03,-9.782141e+00,
1.995101e-01,7.318285e-03,4.963845e-01,-2.298485e+00,1.202224e+00,-9.449632e+00,3.603942e-03,-4.078095e-04,6.362083e-03,1.562473e+01,1.022520e+02,-1.448078e+01,-1.355965e+01,-7.230604e+00,9.412435e-01,2.766389e-01,-1.937313e-01,-2.430853e-01,9.531528e-01,1.800258e-01,2.344576e-01,-1.223549e-01,9.643957e-01,-2.335837e-01,4.543411e-02,2.943877e-01,-1.623631e-04,3.453732e-03,-9.799179e+00,
2.016825e-01,8.438362e-03,4.889293e-01,-2.298126e+00,1.201036e+00,-9.450345e+00,3.760589e-03,-5.123703e-04,6.334719e-03,1.562452e+01,1.022520e+02,-1.448145e+01,-1.355973e+01,-7.231130e+00,9.412404e-01,2.766519e-01,-1.937279e-01,-2.430962e-01,9.531479e-01,1.800371e-01,2.344589e-01,-1.223637e-01,9.643943e-01,-2.301218e-01,4.470865e-02,2.881765e-01,-2.551079e-05,2.017498e-03,-9.799638e+00,
2.005555e-01,2.712418e-03,4.914255e-01,-2.294014e+00,1.202079e+00,-9.452916e+00,3.629386e-03,-6.451117e-04,6.053222e-03,1.562563e+01,1.022400e+02,-1.448147e+01,-1.356089e+01,-7.231967e+00,9.412356e-01,2.766575e-01,-1.937427e-01,-2.430954e-01,9.531445e-01,1.800560e-01,2.344786e-01,-1.223772e-01,9.643877e-01,-2.329765e-01,4.040186e-02,2.907627e-01,4.790425e-03,1.364827e-03,-9.801280e+00,
1.994559e-01,4.298668e-04,4.951622e-01,-2.297812e+00,1.198474e+00,-9.446611e+00,3.714543e-03,-6.273125e-04,6.262426e-03,1.562558e+01,1.022480e+02,-1.448321e+01,-1.356227e+01,-7.231802e+00,9.412227e-01,2.766888e-01,-1.937605e-01,-2.431226e-01,9.531359e-01,1.800650e-01,2.345020e-01,-1.223737e-01,9.643824e-01,-2.351602e-01,3.928426e-02,2.940596e-01,-7.683039e-04,-4.518032e-05,-9.795649e+00,
2.005946e-01,8.472839e-03,4.850855e-01,-2.295908e+00,1.201088e+00,-9.443879e+00,3.766525e-03,-7.352831e-04,6.055391e-03,1.562413e+01,1.022480e+02,-1.447729e+01,-1.356407e+01,-7.231821e+00,9.412408e-01,2.765941e-01,-1.938083e-01,-2.430235e-01,9.531635e-01,1.800529e-01,2.345326e-01,-1.223731e-01,9.643751e-01,-2.303908e-01,4.434165e-02,2.845455e-01,1.514435e-03,2.395034e-03,-9.792888e+00,
1.995063e-01,7.330587e-03,4.913409e-01,-2.298747e+00,1.202847e+00,-9.442196e+00,3.751021e-03,-2.030864e-04,6.041883e-03,1.562561e+01,1.022520e+02,-1.447916e+01,-1.356329e+01,-7.232902e+00,9.412360e-01,2.766272e-01,-1.937846e-01,-2.430550e-01,9.531515e-01,1.800739e-01,2.345194e-01,-1.223917e-01,9.643760e-01,-2.327095e-01,4.462958e-02,2.899397e-01,-1.170754e-03,4.924178e-03,-9.792147e+00,
2.005663e-01,3.854775e-03,4.939409e-01,-2.302047e+00,1.202299e+00,-9.447803e+00,3.609175e-03,-4.493318e-04,6.356803e-03,1.562524e+01,1.022520e+02,-1.447878e+01,-1.356553e+01,-7.234600e+00,9.412286e-01,2.766312e-01,-1.938141e-01,-2.430464e-01,9.531468e-01,1.801103e-01,2.345574e-01,-1.224191e-01,9.643632e-01,-2.331445e-01,4.181423e-02,2.928293e-01,-3.042340e-03,3.825545e-03,-9.798259e+00,
2.005679e-01,5.027138e-03,4.851051e-01,-2.296270e+00,1.198111e+00,-9.446731e+00,3.894458e-03,-4.229702e-04,6.227339e-03,1.562397e+01,1.022480e+02,-1.447524e+01,-1.356484e+01,-7.232952e+00,9.412463e-01,2.765653e-01,-1.938219e-01,-2.429890e-01,9.531693e-01,1.800680e-01,2.345457e-01,-1.223917e-01,9.643695e-01,-2.312890e-01,4.135765e-02,2.849383e-01,9.838343e-04,-1.082778e-03,-9.795358e+00,
1.994556e-01,4.302252e-04,4.951613e-01,-2.304729e+00,1.201848e+00,-9.452674e+00,3.798588e-03,-3.500277e-04,6.221463e-03,1.562407e+01,1.022520e+02,-1.447580e+01,-1.356635e+01,-7.233253e+00,9.412380e-01,2.765788e-01,-1.938432e-01,-2.429966e-01,9.531649e-01,1.800812e-01,2.345712e-01,-1.223960e-01,9.643628e-01,-2.351836e-01,3.926770e-02,2.940423e-01,-4.556537e-03,3.351927e-03,-9.803532e+00,
1.994855e-01,5.043534e-03,4.875693e-01,-2.290796e+00,1.196081e+00,-9.439066e+00,3.767880e-03,-7.866956e-04,6.338309e-03,1.562548e+01,1.022520e+02,-1.447568e+01,-1.356684e+01,-7.232597e+00,9.412366e-01,2.765756e-01,-1.938547e-01,-2.429942e-01,9.531673e-01,1.800719e-01,2.345795e-01,-1.223847e-01,9.643621e-01,-2.326580e-01,4.201803e-02,2.868620e-01,4.433393e-03,-2.996087e-03,-9.786434e+00,
2.016783e-01,7.275309e-03,4.939831e-01,-2.301723e+00,1.205691e+00,-9.446925e+00,3.766997e-03,-5.776164e-04,5.989399e-03,1.562595e+01,1.022520e+02,-1.447794e+01,-1.356884e+01,-7.234036e+00,9.412192e-01,2.766221e-01,-1.938733e-01,-2.430292e-01,9.531510e-01,1.801119e-01,2.346134e-01,-1.224079e-01,9.643511e-01,-2.313542e-01,4.454276e-02,2.927089e-01,-1.398563e-03,7.087111e-03,-9.797754e+00,
1.972817e-01,4.921374e-04,4.899964e-01,-2.300578e+00,1.196880e+00,-9.445523e+00,3.985261e-03,-5.560213e-04,6.143357e-03,1.562528e+01,1.022400e+02,-1.447618e+01,-1.357070e+01,-7.231555e+00,9.412193e-01,2.765883e-01,-1.939212e-01,-2.429984e-01,9.531662e-01,1.800726e-01,2.346451e-01,-1.223652e-01,9.643489e-01,-2.361433e-01,3.895269e-02,2.890144e-01,-2.618909e-03,-1.017094e-03,-9.795055e+00,
1.994353e-01,-1.859404e-03,4.926494e-01,-2.301610e+00,1.199413e+00,-9.441904e+00,3.889411e-03,-4.679208e-04,6.264632e-03,1.562240e+01,1.022520e+02,-1.447462e+01,-1.357171e+01,-7.230791e+00,9.412219e-01,2.765619e-01,-1.939462e-01,-2.429718e-01,9.531756e-01,1.800588e-01,2.346622e-01,-1.223518e-01,9.643463e-01,-2.353649e-01,3.685963e-02,2.920633e-01,-3.392458e-03,2.379298e-03,-9.792117e+00,
1.973284e-01,6.228211e-03,4.924879e-01,-2.294574e+00,1.199276e+00,-9.449441e+00,3.881573e-03,-5.694507e-04,6.412710e-03,1.562425e+01,1.022520e+02,-1.446561e+01,-1.357163e+01,-7.230701e+00,9.412603e-01,2.764115e-01,-1.939737e-01,-2.428238e-01,9.532194e-01,1.800265e-01,2.346609e-01,-1.223504e-01,9.643468e-01,-2.351120e-01,4.428510e-02,2.905697e-01,4.644752e-03,-7.995367e-04,-9.797716e+00,
1.983840e-01,2.765023e-03,4.900424e-01,-2.299002e+00,1.197691e+00,-9.441837e+00,3.905230e-03,-3.220699e-04,6.075633e-03,1.562444e+01,1.022520e+02,-1.446858e+01,-1.357127e+01,-7.228871e+00,9.412491e-01,2.764540e-01,-1.939674e-01,-2.428730e-01,9.532109e-01,1.800046e-01,2.346548e-01,-1.223197e-01,9.643522e-01,-2.346454e-01,4.064422e-02,2.890339e-01,-1.418471e-03,4.431009e-04,-9.791229e+00,
2.016297e-01,1.543995e-03,4.902281e-01,-2.299968e+00,1.198493e+00,-9.443896e+00,3.782409e-03,-3.687438e-04,6.040314e-03,1.562334e+01,1.022400e+02,-1.446979e+01,-1.357218e+01,-7.228491e+00,9.412405e-01,2.764747e-01,-1.939802e-01,-2.428919e-01,9.532059e-01,1.800062e-01,2.346702e-01,-1.223129e-01,9.643494e-01,-2.322066e-01,3.890000e-02,2.900231e-01,-1.540899e-03,1.094341e-03,-9.793541e+00,
1.994326e-01,-1.850505e-03,4.888667e-01,-2.300172e+00,1.202698e+00,-9.442389e+00,3.960879e-03,-4.305099e-04,6.098555e-03,1.562359e+01,1.022520e+02,-1.446964e+01,-1.357253e+01,-7.228004e+00,9.412397e-01,2.764713e-01,-1.939886e-01,-2.428891e-01,9.532080e-01,1.799990e-01,2.346760e-01,-1.223045e-01,9.643490e-01,-2.347076e-01,3.621215e-02,2.887338e-01,-7.859468e-04,5.486608e-03,-9.792649e+00,
1.983831e-01,2.772456e-03,4.875221e-01,-2.295335e+00,1.206663e+00,-9.445518e+00,4.123319e-03,-2.990999e-04,6.050571e-03,1.562324e+01,1.022520e+02,-1.447037e+01,-1.357168e+01,-7.228516e+00,9.412400e-01,2.764834e-01,-1.939700e-01,-2.429020e-01,9.532032e-01,1.800064e-01,2.346616e-01,-1.223136e-01,9.643513e-01,-2.342001e-01,4.024337e-02,2.868168e-01,5.308628e-03,7.482409e-03,-9.795015e+00,
1.984015e-01,5.065041e-03,4.887705e-01,-2.303326e+00,1.200954e+00,-9.440326e+00,3.831923e-03,-2.502144e-04,6.186284e-03,1.562568e+01,1.022520e+02,-1.446481e+01,-1.357260e+01,-7.228878e+00,9.412599e-01,2.763940e-01,-1.940008e-01,-2.428097e-01,9.532285e-01,1.799975e-01,2.346773e-01,-1.223192e-01,9.643468e-01,-2.338356e-01,4.241546e-02,2.876583e-01,-4.660487e-03,4.818082e-03,-9.791185e+00,
1.994560e-01,4.310727e-04,4.939053e-01,-2.298124e+00,1.200865e+00,-9.449850e+00,3.621046e-03,-4.296073e-04,6.106226e-03,1.562615e+01,1.022400e+02,-1.446732e+01,-1.357297e+01,-7.230184e+00,9.412478e-01,2.764410e-01,-1.939927e-01,-2.428506e-01,9.532121e-01,1.800293e-01,2.346836e-01,-1.223410e-01,9.643425e-01,-2.350040e-01,3.901825e-02,2.929104e-01,2.065897e-03,1.529574e-03,-9.799139e+00,
1.983932e-01,3.915298e-03,4.887786e-01,-2.296069e+00,1.201864e+00,-9.442027e+00,3.815501e-03,-4.386586e-04,6.284870e-03,1.562696e+01,1.022400e+02,-1.447189e+01,-1.357221e+01,-7.230736e+00,9.412313e-01,2.765173e-01,-1.939632e-01,-2.429264e-01,9.531886e-01,1.800508e-01,2.346707e-01,-1.223506e-01,9.643443e-01,-2.341240e-01,4.145914e-02,2.877939e-01,2.609849e-03,3.334522e-03,-9.791234e+00,
2.016363e-01,1.524857e-03,4.965394e-01,-2.297738e+00,1.202826e+00,-9.452086e+00,3.633546e-03,-4.240261e-04,6.212111e-03,1.562734e+01,1.022400e+02,-1.447215e+01,-1.357230e+01,-7.231765e+00,9.412298e-01,2.765253e-01,-1.939590e-01,-2.429306e-01,9.531840e-01,1.800692e-01,2.346723e-01,-1.223679e-01,9.643418e-01,-2.333155e-01,3.994577e-02,2.955720e-01,3.229499e-03,2.675653e-03,-9.801444e+00,
1.983396e-01,-2.975408e-03,4.888162e-01,-2.296853e+00,1.198954e+00,-9.449199e+00,3.830371e-03,-1.545352e-04,6.249321e-03,1.562573e+01,1.022400e+02,-1.447426e+01,-1.357028e+01,-7.230905e+00,9.412289e-01,2.765534e-01,-1.939235e-01,-2.429673e-01,9.531776e-01,1.800535e-01,2.346380e-01,-1.223545e-01,9.643518e-01,-2.359015e-01,3.550163e-02,2.885917e-01,2.132773e-03,-4.845858e-04,-9.797978e+00,
1.984135e-01,6.203374e-03,4.925482e-01,-2.300803e+00,1.204315e+00,-9.441806e+00,3.748852e-03,-3.645380e-04,6.081622e-03,1.562568e+01,1.022520e+02,-1.447589e+01,-1.357114e+01,-7.231649e+00,9.412187e-01,2.765847e-01,-1.939287e-01,-2.429932e-01,9.531671e-01,1.800750e-01,2.346524e-01,-1.223666e-01,9.643468e-01,-2.341867e-01,4.408021e-02,2.908598e-01,-1.426578e-03,6.760001e-03,-9.792432e+00,
2.016258e-01,3.798491e-04,4.952833e-01,-2.296349e+00,1.200403e+00,-9.450589e+00,3.783482e-03,-2.429798e-04,6.174737e-03,1.562615e+01,1.022520e+02,-1.447821e+01,-1.356939e+01,-7.231271e+00,9.412159e-01,2.766185e-01,-1.938948e-01,-2.430332e-01,9.531580e-01,1.800692e-01,2.346228e-01,-1.223611e-01,9.643548e-01,-2.333731e-01,3.876576e-02,2.946058e-01,3.113151e-03,5.023479e-04,-9.799379e+00,
2.005464e-01,1.565276e-03,4.901735e-01,-2.302022e+00,1.200394e+00,-9.442159e+00,3.846458e-03,-2.983753e-04,6.135186e-03,1.562706e+01,1.022640e+02,-1.447446e+01,-1.357078e+01,-7.231142e+00,9.412262e-01,2.765585e-01,-1.939298e-01,-2.429701e-01,9.531758e-01,1.800602e-01,2.346464e-01,-1.223582e-01,9.643494e-01,-2.331069e-01,3.918166e-02,2.897478e-01,-3.628135e-03,3.351688e-03,-9.792580e+00,
1.994616e-01,1.590473e-03,4.901137e-01,-2.292949e+00,1.203515e+00,-9.451157e+00,3.741915e-03,-4.635044e-04,6.082334e-03,1.562803e+01,1.022520e+02,-1.447314e+01,-1.356926e+01,-7.231903e+00,9.412379e-01,2.765361e-01,-1.939056e-01,-2.429501e-01,9.531806e-01,1.800621e-01,2.346206e-01,-1.223718e-01,9.643540e-01,-2.340125e-01,3.943090e-02,2.894671e-01,7.236481e-03,2.444625e-03,-9.799510e+00,
2.005407e-01,4.069390e-04,4.939637e-01,-2.298910e+00,1.198817e+00,-9.456843e+00,3.928322e-03,-2.535025e-05,6.048683e-03,1.562763e+01,1.022520e+02,-1.446757e+01,-1.356704e+01,-7.230131e+00,9.412702e-01,2.764327e-01,-1.938955e-01,-2.428607e-01,9.532142e-01,1.800043e-01,2.345830e-01,-1.223431e-01,9.643667e-01,-2.340608e-01,3.875999e-02,2.932207e-01,1.136303e-03,-1.228690e-03,-9.805817e+00,
1.984102e-01,6.215693e-03,4.875059e-01,-2.299900e+00,1.199891e+00,-9.446917e+00,3.946032e-03,-1.043375e-04,6.049366e-03,1.562742e+01,1.022400e+02,-1.446522e+01,-1.356555e+01,-7.228796e+00,9.412861e-01,2.763860e-01,-1.938849e-01,-2.428237e-01,9.532306e-01,1.799679e-01,2.345576e-01,-1.223214e-01,9.643757e-01,-2.332805e-01,4.319781e-02,2.864500e-01,-1.616240e-03,2.100706e-03,-9.796608e+00,
2.005828e-01,6.156726e-03,4.914089e-01,-2.303283e+00,1.202682e+00,-9.445745e+00,3.656819e-03,-3.930546e-04,6.221159e-03,1.562777e+01,1.022520e+02,-1.446628e+01,-1.356731e+01,-7.229916e+00,9.412746e-01,2.764110e-01,-1.939049e-01,-2.428392e-01,9.532209e-01,1.799975e-01,2.345875e-01,-1.223394e-01,9.643660e-01,-2.321279e-01,4.331882e-02,2.903430e-01,-4.011035e-03,5.538106e-03,-9.796612e+00,
1.994448e-01,-7.090570e-04,4.901302e-01,-2.289324e+00,1.200071e+00,-9.442371e+00,3.518460e-03,-4.479490e-04,6.070025e-03,1.562936e+01,1.022520e+02,-1.446340e+01,-1.356614e+01,-7.231599e+00,9.412915e-01,2.763664e-01,-1.938867e-01,-2.427931e-01,9.532302e-01,1.800108e-01,2.345676e-01,-1.223683e-01,9.643673e-01,-2.346007e-01,3.739481e-02,2.897471e-01,7.488251e-03,4.708767e-05,-9.789766e+00,
1.994621e-01,1.588689e-03,4.901156e-01,-2.301001e+00,1.200465e+00,-9.451114e+00,3.721361e-03,-4.361532e-04,6.184323e-03,1.562953e+01,1.022400e+02,-1.446651e+01,-1.356655e+01,-7.231857e+00,9.412767e-01,2.764198e-01,-1.938824e-01,-2.428438e-01,9.532141e-01,1.800274e-01,2.345746e-01,-1.223724e-01,9.643650e-01,-2.340042e-01,3.939874e-02,2.894802e-01,-1.642108e-03,1.624703e-03,-9.800983e+00,
1.994369e-01,-1.861101e-03,4.913981e-01,-2.295985e+00,1.191714e+00,-9.444876e+00,3.783983e-03,-2.980238e-04,6.035666e-03,1.562926e+01,1.022520e+02,-1.446635e+01,-1.356613e+01,-7.228295e+00,9.412789e-01,2.764044e-01,-1.938933e-01,-2.428417e-01,9.532262e-01,1.799659e-01,2.345675e-01,-1.223127e-01,9.643742e-01,-2.351242e-01,3.659720e-02,2.909865e-01,-4.693270e-04,-6.221533e-03,-9.792720e+00,
1.972938e-01,1.633605e-03,4.912590e-01,-2.300160e+00,1.205998e+00,-9.444348e+00,3.712572e-03,-1.277826e-04,6.024867e-03,1.563016e+01,1.022520e+02,-1.446470e+01,-1.356512e+01,-7.231024e+00,9.412901e-01,2.763840e-01,-1.938688e-01,-2.428155e-01,9.532263e-01,1.800014e-01,2.345504e-01,-1.223592e-01,9.643726e-01,-2.360498e-01,4.009099e-02,2.900221e-01,-8.342266e-04,8.107662e-03,-9.794939e+00,
2.027043e-01,-7.968746e-04,4.953580e-01,-2.295297e+00,1.197431e+00,-9.441524e+00,3.907944e-03,-3.289994e-04,6.189519e-03,1.563082e+01,1.022400e+02,-1.446960e+01,-1.356467e+01,-7.229251e+00,9.412710e-01,2.764587e-01,-1.938547e-01,-2.428966e-01,9.532084e-01,1.799866e-01,2.345428e-01,-1.223295e-01,9.643782e-01,-2.327430e-01,3.746465e-02,2.950516e-01,8.282661e-04,-4.268885e-04,-9.790026e+00,
1.984033e-01,5.061950e-03,4.887776e-01,-2.302549e+00,1.201523e+00,-9.444088e+00,3.927398e-03,-5.358830e-04,6.207960e-03,1.563071e+01,1.022520e+02,-1.447228e+01,-1.356610e+01,-7.229063e+00,9.412538e-01,2.765055e-01,-1.938705e-01,-2.429391e-01,9.531952e-01,1.799985e-01,2.345670e-01,-1.223256e-01,9.643727e-01,-2.337986e-01,4.243692e-02,2.876922e-01,-4.126072e-03,4.743576e-03,-9.794700e+00,
2.005405e-01,4.081444e-04,4.927066e-01,-2.299112e+00,1.204327e+00,-9.448350e+00,3.871854e-03,-4.166782e-04,6.359744e-03,1.563021e+01,1.022560e+02,-1.446684e+01,-1.356685e+01,-7.229822e+00,9.412740e-01,2.764192e-01,-1.938961e-01,-2.428490e-01,9.532187e-01,1.799959e-01,2.345797e-01,-1.223380e-01,9.643681e-01,-2.338386e-01,3.854996e-02,2.921167e-01,8.029938e-04,5.659819e-03,-9.798347e+00,
1.994481e-01,-7.194189e-04,4.939149e-01,-2.304247e+00,1.207902e+00,-9.444445e+00,3.969742e-03,-2.442308e-04,6.326183e-03,1.562975e+01,1.022480e+02,-1.446936e+01,-1.356714e+01,-7.230937e+00,9.412621e-01,2.764654e-01,-1.938877e-01,-2.428900e-01,9.532028e-01,1.800242e-01,2.345847e-01,-1.223566e-01,9.643644e-01,-2.352709e-01,3.802772e-02,2.930697e-01,-3.795743e-03,1.082563e-02,-9.796223e+00,
1.994280e-01,-3.009444e-03,4.914038e-01,-2.302615e+00,1.193919e+00,-9.445176e+00,3.806935e-03,-7.083599e-04,6.147086e-03,1.562991e+01,1.022400e+02,-1.446910e+01,-1.357079e+01,-7.228968e+00,9.412488e-01,2.764620e-01,-1.939573e-01,-2.428821e-01,9.532083e-01,1.800059e-01,2.346466e-01,-1.223216e-01,9.643539e-01,-2.354422e-01,3.562392e-02,2.910986e-01,-5.299211e-03,-2.870440e-03,-9.794835e+00,
1.994692e-01,2.743718e-03,4.875879e-01,-2.297845e+00,1.202606e+00,-9.449092e+00,3.679741e-03,-3.569153e-04,6.330191e-03,1.562914e+01,1.022520e+02,-1.446959e+01,-1.357001e+01,-7.230594e+00,9.412500e-01,2.764740e-01,-1.939352e-01,-2.428909e-01,9.532014e-01,1.800314e-01,2.346333e-01,-1.223494e-01,9.643537e-01,-2.332772e-01,3.999536e-02,2.871175e-01,2.155066e-03,3.317952e-03,-9.798555e+00,
1.994466e-01,-7.153762e-04,4.926517e-01,-2.294961e+00,1.201733e+00,-9.448285e+00,3.944844e-03,-5.658706e-04,6.103731e-03,1.562924e+01,1.022520e+02,-1.446613e+01,-1.357055e+01,-7.230541e+00,9.412624e-01,2.764174e-01,-1.939553e-01,-2.428334e-01,9.532179e-01,1.800210e-01,2.346426e-01,-1.223482e-01,9.643515e-01,-2.350676e-01,3.781321e-02,2.919449e-01,4.563451e-03,1.916528e-03,-9.796994e+00,
1.983600e-01,-6.864950e-04,4.913286e-01,-2.296811e+00,1.195302e+00,-9.445569e+00,3.937846e-03,-5.377936e-04,6.239078e-03,1.562845e+01,1.022400e+02,-1.446711e+01,-1.357023e+01,-7.228163e+00,9.412596e-01,2.764250e-01,-1.939583e-01,-2.428499e-01,9.532209e-01,1.799834e-01,2.346370e-01,-1.223084e-01,9.643580e-01,-2.357594e-01,3.785165e-02,2.905474e-01,5.626678e-04,-2.878189e-03,-9.794022e+00,
1.984123e-01,6.208326e-03,4.900292e-01,-2.299201e+00,1.197862e+00,-9.442072e+00,3.672280e-03,-3.214172e-04,5.984194e-03,1.562812e+01,1.022640e+02,-1.446793e+01,-1.357127e+01,-7.228287e+00,9.412520e-01,2.764412e-01,-1.939722e-01,-2.428623e-01,9.532161e-01,1.799927e-01,2.346547e-01,-1.223099e-01,9.643535e-01,-2.337529e-01,4.362002e-02,2.886444e-01,-1.490235e-03,7.064342e-04,-9.791524e+00,
2.005400e-01,4.092108e-04,4.927046e-01,-2.296847e+00,1.198823e+00,-9.448868e+00,3.756164e-03,-5.844590e-04,6.313001e-03,1.562858e+01,1.022520e+02,-1.446758e+01,-1.357163e+01,-7.228247e+00,9.412519e-01,2.764361e-01,-1.939793e-01,-2.428562e-01,9.532176e-01,1.799923e-01,2.346608e-01,-1.223091e-01,9.643521e-01,-2.338637e-01,3.855070e-02,2.920945e-01,2.371192e-03,-1.807213e-04,-9.797642e+00,
1.994612e-01,1.592023e-03,4.888546e-01,-2.295246e+00,1.200412e+00,-9.442663e+00,3.879089e-03,-3.766365e-04,6.217189e-03,1.562920e+01,1.022400e+02,-1.446963e+01,-1.357103e+01,-7.227940e+00,9.412457e-01,2.764677e-01,-1.939646e-01,-2.428904e-01,9.532090e-01,1.799916e-01,2.346507e-01,-1.223042e-01,9.643552e-01,-2.338066e-01,3.919106e-02,2.883519e-01,3.027081e-03,2.136588e-03,-9.791477e+00,
1.994619e-01,1.589414e-03,4.901153e-01,-2.293997e+00,1.199878e+00,-9.446536e+00,3.850478e-03,-5.232457e-04,6.316318e-03,1.562797e+01,1.022520e+02,-1.447017e+01,-1.357050e+01,-7.227784e+00,9.412455e-01,2.764752e-01,-1.939549e-01,-2.428999e-01,9.532072e-01,1.799887e-01,2.346416e-01,-1.223019e-01,9.643577e-01,-2.340267e-01,3.939607e-02,2.894622e-01,4.724383e-03,6.741285e-04,-9.794853e+00,
1.994483e-01,-7.213251e-04,4.951732e-01,-2.299193e+00,1.200722e+00,-9.447060e+00,3.840132e-03,-6.159276e-04,6.059050e-03,1.562920e+01,1.022400e+02,-1.447249e+01,-1.357243e+01,-7.227625e+00,9.412280e-01,2.765172e-01,-1.939800e-01,-2.429360e-01,9.531954e-01,1.800020e-01,2.346744e-01,-1.222982e-01,9.643501e-01,-2.355224e-01,3.823284e-02,2.941523e-01,4.953146e-04,2.589822e-03,-9.796681e+00,
2.005556e-01,2.712048e-03,4.914259e-01,-2.299522e+00,1.196161e+00,-9.449789e+00,3.859649e-03,-4.980778e-04,6.206905e-03,1.562669e+01,1.022520e+02,-1.447467e+01,-1.357247e+01,-7.225431e+00,9.412186e-01,2.765462e-01,-1.939842e-01,-2.429718e-01,9.531917e-01,1.799730e-01,2.346750e-01,-1.222612e-01,9.643546e-01,-2.330474e-01,4.035116e-02,2.907134e-01,-4.487038e-04,-1.816988e-03,-9.798832e+00,
1.994510e-01,4.438959e-04,4.901143e-01,-2.299977e+00,1.200021e+00,-9.443044e+00,3.836321e-03,-5.421928e-04,6.247596e-03,1.562341e+01,1.022520e+02,-1.447630e+01,-1.357368e+01,-7.225762e+00,9.412068e-01,2.765768e-01,-1.939973e-01,-2.429973e-01,9.531821e-01,1.799891e-01,2.346956e-01,-1.222662e-01,9.643490e-01,-2.343386e-01,3.842103e-02,2.895727e-01,-9.315014e-04,3.081203e-03,-9.792906e+00,
2.016463e-01,3.846622e-03,4.876949e-01,-2.294485e+00,1.202433e+00,-9.448934e+00,3.695793e-03,-3.951651e-04,6.145130e-03,1.562456e+01,1.022520e+02,-1.447759e+01,-1.357230e+01,-7.226989e+00,9.412069e-01,2.765996e-01,-1.939649e-01,-2.430199e-01,9.531729e-01,1.800081e-01,2.346722e-01,-1.222875e-01,9.643520e-01,-2.311619e-01,4.050365e-02,2.875435e-01,5.768299e-03,2.846956e-03,-9.797592e+00,
1.972748e-01,-6.612969e-04,4.912677e-01,-2.298956e+00,1.198506e+00,-9.452687e+00,3.764264e-03,-5.694608e-04,6.454619e-03,1.562616e+01,1.022520e+02,-1.447365e+01,-1.357295e+01,-7.226721e+00,9.412209e-01,2.765345e-01,-1.939892e-01,-2.429545e-01,9.531923e-01,1.799931e-01,2.346833e-01,-1.222827e-01,9.643499e-01,-2.366839e-01,3.812584e-02,2.902472e-01,1.322150e-03,-4.700422e-04,-9.801781e+00,
2.005992e-01,8.457808e-03,4.901338e-01,-2.295092e+00,1.203272e+00,-9.448577e+00,3.786952e-03,-3.145934e-04,6.246624e-03,1.562706e+01,1.022560e+02,-1.447576e+01,-1.357115e+01,-7.228074e+00,9.412192e-01,2.765705e-01,-1.939466e-01,-2.429910e-01,9.531788e-01,1.800151e-01,2.346527e-01,-1.223064e-01,9.643543e-01,-2.313230e-01,4.513706e-02,2.889536e-01,5.124450e-03,3.734231e-03,-9.797494e+00,
2.005322e-01,-7.424732e-04,4.939716e-01,-2.301230e+00,1.201754e+00,-9.445740e+00,3.728688e-03,-2.057018e-04,6.192499e-03,1.562775e+01,1.022450e+02,-1.448463e+01,-1.357108e+01,-7.228660e+00,9.411818e-01,2.767199e-01,-1.939147e-01,-2.431369e-01,9.531342e-01,1.800546e-01,2.346514e-01,-1.223163e-01,9.643534e-01,-2.343697e-01,3.783146e-02,2.933367e-01,-1.658440e-03,4.198074e-03,-9.796012e+00,
1.994699e-01,2.741092e-03,4.888475e-01,-2.291659e+00,1.199863e+00,-9.445324e+00,3.873660e-03,-9.831631e-05,6.324430e-03,1.562880e+01,1.022450e+02,-1.447978e+01,-1.356837e+01,-7.228489e+00,9.412131e-01,2.766330e-01,-1.938866e-01,-2.430599e-01,9.531596e-01,1.800239e-01,2.346054e-01,-1.223148e-01,9.643647e-01,-2.334876e-01,4.022700e-02,2.882306e-01,6.303549e-03,2.871752e-04,-9.793134e+00,
1.994478e-01,-7.187038e-04,4.939135e-01,-2.297965e+00,1.203009e+00,-9.445769e+00,3.891232e-03,-7.215351e-04,6.342150e-03,1.562951e+01,1.022560e+02,-1.447702e+01,-1.356987e+01,-7.228991e+00,9.412190e-01,2.765919e-01,-1.939174e-01,-2.430130e-01,9.531707e-01,1.800293e-01,2.346310e-01,-1.223225e-01,9.643576e-01,-2.352820e-01,3.805188e-02,2.930563e-01,1.553059e-03,4.593372e-03,-9.795428e+00,
1.973330e-01,7.394182e-03,4.849203e-01,-2.301012e+00,1.199203e+00,-9.447867e+00,3.901703e-03,-7.887973e-05,6.166636e-03,1.562984e+01,1.022400e+02,-1.447785e+01,-1.356928e+01,-7.228024e+00,9.412177e-01,2.766012e-01,-1.939099e-01,-2.430273e-01,9.531699e-01,1.800135e-01,2.346210e-01,-1.223065e-01,9.643620e-01,-2.334600e-01,4.408736e-02,2.838011e-01,-2.017260e-03,1.508832e-03,-9.797700e+00,
1.983682e-01,4.671024e-04,4.888037e-01,-2.298866e+00,1.201582e+00,-9.451340e+00,3.869634e-03,-2.459418e-04,5.899282e-03,1.563072e+01,1.022400e+02,-1.447830e+01,-1.356800e+01,-7.227539e+00,9.412208e-01,2.766044e-01,-1.938899e-01,-2.430360e-01,9.531699e-01,1.800015e-01,2.345992e-01,-1.222990e-01,9.643682e-01,-2.349982e-01,3.847719e-02,2.882113e-01,1.141667e-03,2.763629e-03,-9.800837e+00,
2.016670e-01,6.137566e-03,4.889499e-01,-2.298998e+00,1.195976e+00,-9.449115e+00,3.862282e-03,-5.234416e-04,6.138790e-03,1.563029e+01,1.022400e+02,-1.447506e+01,-1.356975e+01,-7.225659e+00,9.412277e-01,2.765478e-01,-1.939376e-01,-2.429811e-01,9.531906e-01,1.799667e-01,2.346289e-01,-1.222665e-01,9.643652e-01,-2.307799e-01,4.267336e-02,2.884053e-01,-5.980730e-04,-1.919508e-03,-9.798038e+00,
2.005655e-01,3.858985e-03,4.914226e-01,-2.297340e+00,1.199560e+00,-9.444440e+00,3.713750e-03,-2.791772e-04,6.074143e-03,1.562917e+01,1.022400e+02,-1.447942e+01,-1.356884e+01,-7.226186e+00,9.412128e-01,2.766202e-01,-1.939066e-01,-2.430535e-01,9.531685e-01,1.799864e-01,2.346136e-01,-1.222758e-01,9.643678e-01,-2.327271e-01,4.136343e-02,2.906000e-01,8.760691e-04,1.888275e-03,-9.793578e+00,
1.994608e-01,1.592733e-03,4.888530e-01,-2.297844e+00,1.197634e+00,-9.438346e+00,3.710588e-03,-2.420732e-04,6.101996e-03,1.562815e+01,1.022450e+02,-1.448127e+01,-1.356992e+01,-7.226336e+00,9.412007e-01,2.766537e-01,-1.939177e-01,-2.430828e-01,9.531585e-01,1.799997e-01,2.346319e-01,-1.222778e-01,9.643631e-01,-2.337953e-01,3.922848e-02,2.883544e-01,-1.140237e-03,1.202464e-03,-9.787584e+00,
1.994462e-01,-7.146469e-04,4.926510e-01,-2.300616e+00,1.200726e+00,-9.445765e+00,3.746697e-03,-2.487891e-04,6.217628e-03,1.562849e+01,1.022560e+02,-1.447925e+01,-1.356954e+01,-7.227231e+00,9.412108e-01,2.766224e-01,-1.939135e-01,-2.430501e-01,9.531656e-01,1.800061e-01,2.346254e-01,-1.222930e-01,9.643627e-01,-2.350587e-01,3.784730e-02,2.919470e-01,-1.555085e-03,3.360152e-03,-9.795767e+00,
1.984218e-01,7.356363e-03,4.900246e-01,-2.303900e+00,1.201089e+00,-9.442760e+00,3.825132e-03,-4.952644e-04,6.445285e-03,1.562993e+01,1.022450e+02,-1.448099e+01,-1.357240e+01,-7.228019e+00,9.411920e-01,2.766599e-01,-1.939508e-01,-2.430757e-01,9.531531e-01,1.800371e-01,2.346738e-01,-1.223048e-01,9.643493e-01,-2.334504e-01,4.466726e-02,2.885097e-01,-4.687905e-03,4.796386e-03,-9.793683e+00,
2.005574e-01,2.708883e-03,4.914320e-01,-2.292634e+00,1.198585e+00,-9.449662e+00,3.807242e-03,-1.678988e-04,6.218502e-03,1.563020e+01,1.022560e+02,-1.447707e+01,-1.356869e+01,-7.227379e+00,9.412234e-01,2.765848e-01,-1.939057e-01,-2.430151e-01,9.531760e-01,1.799976e-01,2.346109e-01,-1.222959e-01,9.643658e-01,-2.330247e-01,4.036513e-02,2.907357e-01,5.973101e-03,-1.309514e-03,-9.797390e+00,
2.005243e-01,-1.892599e-03,4.939815e-01,-2.298920e+00,1.203328e+00,-9.451385e+00,3.899975e-03,-7.191391e-04,6.313902e-03,1.563027e+01,1.022450e+02,-1.447645e+01,-1.357070e+01,-7.228030e+00,9.412180e-01,2.765809e-01,-1.939373e-01,-2.430029e-01,9.531758e-01,1.800148e-01,2.346450e-01,-1.223059e-01,9.643562e-01,-2.346725e-01,3.679851e-02,2.934732e-01,2.008677e-03,4.238129e-03,-9.801106e+00,
1.983791e-01,1.609152e-03,4.913207e-01,-2.298626e+00,1.200795e+00,-9.452680e+00,3.907335e-03,-2.723045e-04,6.016103e-03,1.563103e+01,1.022400e+02,-1.447915e+01,-1.356953e+01,-7.227264e+00,9.412113e-01,2.766208e-01,-1.939134e-01,-2.430484e-01,9.531659e-01,1.800063e-01,2.346252e-01,-1.222936e-01,9.643627e-01,-2.351530e-01,3.988312e-02,2.902913e-01,1.673818e-03,1.692772e-03,-9.801977e+00,
1.994452e-01,-7.101418e-04,4.901316e-01,-2.301331e+00,1.201080e+00,-9.454101e+00,3.819936e-03,-3.872902e-04,6.216046e-03,1.563026e+01,1.022450e+02,-1.447688e+01,-1.357012e+01,-7.227161e+00,9.412186e-01,2.765839e-01,-1.939308e-01,-2.430104e-01,9.531769e-01,1.799994e-01,2.346353e-01,-1.222916e-01,9.643605e-01,-2.346177e-01,3.742888e-02,2.897305e-01,-4.150867e-04,2.356768e-03,-9.804017e+00,
