MagX, MagY, MagZ, AccX, AccY, AccZ, GyroX, GyroY, GyroZ, Temp, Pres, Yaw, Pitch, Roll, DCM1, DCM2, DCM3, DCM4, DCM5, DCM6, DCM7, DCM8, DCM9, MagNED1, MagNED2, MagNED3, AccNED1, AccNED2, ACCNED3, 
2.118085e-01,9.769943e-03,5.421353e-01,-2.136467e+00,2.113047e+00,-9.227020e+00,3.666853e-03,1.325323e-03,8.447921e-03,3.933478e+00,1.022730e+02,-3.492295e+01,-1.271423e+01,-1.287461e+01,7.998181e-01,5.982912e-01,-4.836123e-02,-5.584373e-01,7.712359e-01,3.055212e-01,2.200885e-01,-2.173547e-01,9.509565e-01,-1.543251e-01,2.091029e-01,3.883643e-01,1.662940e-03,3.690243e-03,-9.703987e+00,
2.118235e-01,1.198506e-02,5.409117e-01,-2.133883e+00,2.106167e+00,-9.241373e+00,3.587224e-03,1.414768e-03,8.833883e-03,3.933705e+00,1.022730e+02,-3.491911e+01,-1.271151e+01,-1.287332e+01,7.998641e-01,5.982299e-01,-4.835806e-02,-5.583897e-01,7.712886e-01,3.054747e-01,2.200422e-01,-2.173356e-01,9.509715e-01,-1.535371e-01,2.098273e-01,3.874457e-01,5.102158e-05,-7.004976e-03,-9.715571e+00,
2.128431e-01,8.635749e-03,5.446123e-01,-2.132995e+00,2.107877e+00,-9.229355e+00,3.383163e-03,1.437953e-03,8.660243e-03,3.931432e+00,1.022620e+02,-3.491939e+01,-1.270936e+01,-1.287362e+01,7.998681e-01,5.982273e-01,-4.832429e-02,-5.583983e-01,7.712889e-01,3.054585e-01,2.200056e-01,-2.173423e-01,9.509784e-01,-1.542989e-01,2.086734e-01,3.899932e-01,8.766651e-04,-2.342463e-03,-9.704319e+00,
2.107407e-01,6.473106e-03,5.445054e-01,-2.134451e+00,2.107344e+00,-9.234093e+00,3.419085e-03,9.230726e-04,8.756428e-03,3.929104e+00,1.022660e+02,-3.492145e+01,-1.270996e+01,-1.287360e+01,7.998461e-01,5.982569e-01,-4.832161e-02,-5.584257e-01,7.712662e-01,3.054658e-01,2.200158e-01,-2.173416e-01,9.509763e-01,-1.559812e-01,2.083822e-01,3.899372e-01,-2.929866e-04,-3.443241e-03,-9.709029e+00,
2.107581e-01,8.683193e-03,5.444949e-01,-2.138057e+00,2.110240e+00,-9.226205e+00,3.769034e-03,1.101626e-03,8.427553e-03,3.928838e+00,1.022620e+02,-3.492357e+01,-1.271137e+01,-1.287265e+01,7.998210e-01,5.982890e-01,-4.833945e-02,-5.584522e-01,7.712460e-01,3.054681e-01,2.200398e-01,-2.173245e-01,9.509746e-01,-1.552268e-01,2.093481e-01,3.896562e-01,-1.540363e-03,3.205061e-03,-9.702951e+00,
2.128425e-01,8.636388e-03,5.446104e-01,-2.137945e+00,2.109267e+00,-9.228796e+00,3.465905e-03,8.082622e-04,8.806123e-03,3.928872e+00,1.022730e+02,-3.492218e+01,-1.271316e+01,-1.287331e+01,7.998289e-01,5.982764e-01,-4.836435e-02,-5.584289e-01,7.712531e-01,3.054929e-01,2.200703e-01,-2.173340e-01,9.509653e-01,-1.543113e-01,2.086940e-01,3.899761e-01,-1.720935e-03,1.337290e-03,-9.705177e+00,
2.149074e-01,6.387968e-03,5.423161e-01,-2.136512e+00,2.106448e+00,-9.241961e+00,3.549083e-03,1.299305e-03,8.666269e-03,3.927647e+00,1.022620e+02,-3.492671e+01,-1.271206e+01,-1.287154e+01,7.997882e-01,5.983323e-01,-4.834379e-02,-5.584944e-01,7.712176e-01,3.054624e-01,2.200516e-01,-2.173055e-01,9.509761e-01,-1.540601e-01,2.066540e-01,3.892800e-01,-1.609921e-03,-5.311251e-03,-9.716770e+00,
2.117990e-01,8.663863e-03,5.433425e-01,-2.134540e+00,2.108551e+00,-9.235537e+00,3.583273e-03,1.479708e-03,8.796847e-03,3.928308e+00,1.022730e+02,-3.492820e+01,-1.270948e+01,-1.287066e+01,7.997819e-01,5.983437e-01,-4.830986e-02,-5.585210e-01,7.712124e-01,3.054273e-01,2.200077e-01,-2.172931e-01,9.509891e-01,-1.547108e-01,2.088029e-01,3.891774e-01,6.394088e-04,-2.459049e-03,-9.710684e+00,
2.139268e-01,1.414217e-02,5.434334e-01,-2.139372e+00,2.107553e+00,-9.228271e+00,3.382650e-03,7.649825e-04,8.597712e-03,3.930024e+00,1.022620e+02,-3.492798e+01,-1.271297e+01,-1.287129e+01,7.997730e-01,5.983523e-01,-4.835187e-02,-5.585104e-01,7.712038e-01,3.054687e-01,2.200670e-01,-2.173006e-01,9.509738e-01,-1.519034e-01,2.105594e-01,3.888006e-01,-3.748715e-03,1.265526e-03,-9.704621e+00,
2.128396e-01,8.651455e-03,5.397760e-01,-2.137307e+00,2.108646e+00,-9.231585e+00,3.470045e-03,1.176645e-03,8.460280e-03,3.931159e+00,1.022730e+02,-3.493295e+01,-1.271300e+01,-1.287137e+01,7.997245e-01,5.984191e-01,-4.832508e-02,-5.585794e-01,7.711514e-01,3.054742e-01,2.200675e-01,-2.173018e-01,9.509733e-01,-1.541438e-01,2.078796e-01,3.873672e-01,-1.285374e-03,-6.985664e-05,-9.707554e+00,
2.138777e-01,7.509589e-03,5.434721e-01,-2.135293e+00,2.109364e+00,-9.235751e+00,3.523679e-03,1.148898e-03,8.585773e-03,3.931736e+00,1.022620e+02,-3.493364e+01,-1.271237e+01,-1.287087e+01,7.997199e-01,5.984261e-01,-4.831789e-02,-5.585907e-01,7.711483e-01,3.054621e-01,2.200567e-01,-2.172942e-01,9.509777e-01,-1.541580e-01,2.076880e-01,3.896368e-01,9.145737e-04,-1.785040e-03,-9.711231e+00,
2.107684e-01,9.788284e-03,5.432898e-01,-2.137311e+00,2.114420e+00,-9.232812e+00,3.402852e-03,1.400907e-03,8.725534e-03,3.934531e+00,1.022730e+02,-3.493090e+01,-1.271131e+01,-1.287325e+01,7.997497e-01,5.983880e-01,-4.829325e-02,-5.585547e-01,7.711663e-01,3.054818e-01,2.200388e-01,-2.173346e-01,9.509724e-01,-1.547837e-01,2.096429e-01,3.888699e-01,1.812488e-03,3.917933e-03,-9.709977e+00,
2.117850e-01,6.446756e-03,5.445703e-01,-2.141416e+00,2.114094e+00,-9.235839e+00,3.503102e-03,8.634892e-04,8.713659e-03,3.934230e+00,1.022730e+02,-3.492582e+01,-1.271348e+01,-1.287473e+01,7.997924e-01,5.983276e-01,-4.833439e-02,-5.584790e-01,7.712067e-01,3.055180e-01,2.200757e-01,-2.173573e-01,9.509587e-01,-1.555162e-01,2.080832e-01,3.900892e-01,-1.358986e-03,4.623652e-03,-9.713689e+00,
2.149632e-01,1.300691e-02,5.447123e-01,-2.135184e+00,2.112117e+00,-9.228878e+00,3.663756e-03,8.795454e-04,8.462518e-03,3.934230e+00,1.022620e+02,-3.492234e+01,-1.271450e+01,-1.287461e+01,7.998232e-01,5.982839e-01,-4.836815e-02,-5.584282e-01,7.712415e-01,3.055233e-01,2.200932e-01,-2.173545e-01,9.509554e-01,-1.518675e-01,2.099666e-01,3.897492e-01,2.259523e-03,1.661539e-03,-9.705268e+00,
2.107925e-01,1.310493e-02,5.432699e-01,-2.129192e+00,2.111254e+00,-9.233500e+00,3.550639e-03,9.577157e-04,8.631903e-03,3.934099e+00,1.022680e+02,-3.492535e+01,-1.271365e+01,-1.287487e+01,7.997965e-01,5.983219e-01,-4.833776e-02,-5.584720e-01,7.712106e-01,3.055212e-01,2.200786e-01,-2.173595e-01,9.509575e-01,-1.536715e-01,2.110879e-01,3.884404e-01,6.616175e-03,-3.713608e-03,-9.708158e+00,
2.117942e-01,7.551323e-03,5.445667e-01,-2.138522e+00,2.108381e+00,-9.237103e+00,3.461432e-03,1.678001e-03,8.641658e-03,3.933949e+00,1.022620e+02,-3.492405e+01,-1.271136e+01,-1.287427e+01,7.998164e-01,5.982968e-01,-4.831982e-02,-5.584589e-01,7.712324e-01,3.054903e-01,2.200396e-01,-2.173515e-01,9.509685e-01,-1.551335e-01,2.085475e-01,3.899619e-01,-2.652675e-03,-1.516104e-03,-9.713014e+00,
2.149571e-01,1.303174e-02,5.374541e-01,-2.134320e+00,2.113467e+00,-9.228141e+00,3.637768e-03,1.184344e-03,8.660799e-03,3.934578e+00,1.022620e+02,-3.492345e+01,-1.271124e+01,-1.287527e+01,7.998227e-01,5.982893e-01,-4.831090e-02,-5.584510e-01,7.712337e-01,3.055021e-01,2.200375e-01,-2.173682e-01,9.509652e-01,-1.516374e-01,2.087146e-01,3.858396e-01,3.206879e-03,2.674341e-03,-9.704673e+00,
2.118200e-01,1.086323e-02,5.457578e-01,-2.139219e+00,2.104398e+00,-9.228679e+00,3.774834e-03,1.252795e-03,8.794262e-03,3.933685e+00,1.022730e+02,-3.492419e+01,-1.271099e+01,-1.287276e+01,7.998162e-01,5.982963e-01,-4.832987e-02,-5.584618e-01,7.712398e-01,3.054665e-01,2.200334e-01,-2.173267e-01,9.509757e-01,-1.540339e-01,2.101859e-01,3.902033e-01,-5.907565e-03,-1.384497e-03,-9.704290e+00,
2.107685e-01,9.785504e-03,5.444967e-01,-2.134071e+00,2.109229e+00,-9.233207e+00,3.360553e-03,5.306143e-04,8.748247e-03,3.933747e+00,1.022620e+02,-3.492233e+01,-1.271343e+01,-1.287379e+01,7.998267e-01,5.982797e-01,-4.836217e-02,-5.584304e-01,7.712485e-01,3.055021e-01,2.200749e-01,-2.173418e-01,9.509626e-01,-1.548585e-01,2.098394e-01,3.895120e-01,1.559168e-03,-2.294302e-03,-9.708513e+00,
2.128697e-01,1.194666e-02,5.458065e-01,-2.132781e+00,2.106469e+00,-9.229439e+00,3.549134e-03,1.188286e-03,8.648477e-03,3.932259e+00,1.022620e+02,-3.491824e+01,-1.271287e+01,-1.287314e+01,7.998683e-01,5.982223e-01,-4.838318e-02,-5.583745e-01,7.712959e-01,3.054845e-01,2.200654e-01,-2.173314e-01,9.509671e-01,-1.532211e-01,2.103296e-01,3.902184e-01,7.422864e-04,-3.849030e-03,-9.704045e+00,
2.128398e-01,8.650435e-03,5.397772e-01,-2.137954e+00,2.114922e+00,-9.232343e+00,3.636050e-03,1.484936e-03,8.842980e-03,3.931888e+00,1.022730e+02,-3.491460e+01,-1.271108e+01,-1.287425e+01,7.999094e-01,5.981688e-01,-4.836667e-02,-5.583277e-01,7.713318e-01,3.054794e-01,2.200349e-01,-2.173513e-01,9.509697e-01,-1.541868e-01,2.078399e-01,3.873722e-01,1.448423e-03,4.695654e-03,-9.709785e+00,
2.118010e-01,8.658491e-03,5.445555e-01,-2.135346e+00,2.111987e+00,-9.224375e+00,3.592959e-03,1.075015e-03,8.918288e-03,3.931729e+00,1.022620e+02,-3.490808e+01,-1.271123e+01,-1.287561e+01,7.999724e-01,5.980825e-01,-4.838924e-02,-5.582362e-01,7.713922e-01,3.054936e-01,2.200374e-01,-2.173738e-01,9.509638e-01,-1.548054e-01,2.089926e-01,3.898187e-01,1.285106e-03,3.210545e-03,-9.700993e+00,
2.118318e-01,1.309193e-02,5.409040e-01,-2.139220e+00,2.107871e+00,-9.242117e+00,3.601547e-03,2.809869e-04,8.637986e-03,3.930771e+00,1.022730e+02,-3.491203e+01,-1.271607e+01,-1.287354e+01,7.999187e-01,5.981491e-01,-4.845556e-02,-5.582808e-01,7.713515e-01,3.055151e-01,2.201198e-01,-2.173354e-01,9.509535e-01,-1.532074e-01,2.103081e-01,3.872861e-01,-2.548873e-03,-3.411055e-03,-9.717823e+00,
2.139432e-01,1.635259e-02,5.434213e-01,-2.133025e+00,2.107442e+00,-9.232088e+00,3.524942e-03,1.568434e-03,8.622187e-03,3.930875e+00,1.022620e+02,-3.491090e+01,-1.271284e+01,-1.287173e+01,7.999399e-01,5.981221e-01,-4.843668e-02,-5.582720e-01,7.713801e-01,3.054590e-01,2.200649e-01,-2.173080e-01,9.509726e-01,-1.512050e-01,2.114770e-01,3.885233e-01,1.387596e-03,-3.577232e-03,-9.706831e+00,
2.128311e-01,7.546560e-03,5.397812e-01,-2.137118e+00,2.116773e+00,-9.233177e+00,3.556933e-03,1.340276e-03,8.523858e-03,3.930661e+00,1.022500e+02,-3.491729e+01,-1.271209e+01,-1.287341e+01,7.998801e-01,5.982072e-01,-4.837473e-02,-5.583629e-01,7.713061e-01,3.054799e-01,2.200520e-01,-2.173366e-01,9.509690e-01,-1.545654e-01,2.073660e-01,3.875063e-01,3.482670e-03,5.417347e-03,-9.710795e+00,
2.149451e-01,1.079560e-02,5.459252e-01,-2.137541e+00,2.109489e+00,-9.232355e+00,3.807530e-03,4.690985e-04,8.614938e-03,3.930017e+00,1.022620e+02,-3.491832e+01,-1.271587e+01,-1.287228e+01,7.998581e-01,5.982321e-01,-4.843248e-02,-5.583691e-01,7.712930e-01,3.055015e-01,2.201164e-01,-2.173146e-01,9.509592e-01,-1.526932e-01,2.091950e-01,3.906722e-01,-6.193519e-04,7.200241e-05,-9.708524e+00,
2.118437e-01,1.418080e-02,5.457358e-01,-2.138688e+00,2.105688e+00,-9.232232e+00,3.462440e-03,1.163972e-03,8.666982e-03,3.930431e+00,1.022620e+02,-3.491096e+01,-1.271644e+01,-1.287131e+01,7.999279e-01,5.981339e-01,-4.848967e-02,-5.582651e-01,7.713739e-01,3.054876e-01,2.201262e-01,-2.172980e-01,9.509607e-01,-1.529815e-01,2.116044e-01,3.897637e-01,-3.645033e-03,-2.104998e-03,-9.707832e+00,
2.138949e-01,9.715585e-03,5.446683e-01,-2.138876e+00,2.109385e+00,-9.229189e+00,3.743017e-03,3.765901e-04,8.700132e-03,3.932749e+00,1.022730e+02,-3.491402e+01,-1.272081e+01,-1.287065e+01,7.998844e-01,5.981880e-01,-4.853974e-02,-5.582981e-01,7.713360e-01,3.055227e-01,2.202005e-01,-2.172832e-01,9.509468e-01,-1.535532e-01,2.088347e-01,3.899768e-01,-1.062006e-03,1.447916e-03,-9.705783e+00,
2.118527e-01,1.528852e-02,5.445248e-01,-2.135987e+00,2.110249e+00,-9.234821e+00,3.398675e-03,7.515643e-04,8.505017e-03,3.933105e+00,1.022730e+02,-3.491388e+01,-1.272291e+01,-1.287156e+01,7.998791e-01,5.981935e-01,-4.855966e-02,-5.582915e-01,7.713280e-01,3.055549e-01,2.202363e-01,-2.172965e-01,9.509355e-01,-1.525920e-01,2.119110e-01,3.889461e-01,2.245486e-03,-1.546621e-03,-9.710691e+00,
2.149797e-01,1.521579e-02,5.459050e-01,-2.134883e+00,2.110606e+00,-9.233989e+00,3.665143e-03,1.503405e-03,8.752723e-03,3.931071e+00,1.022730e+02,-3.491467e+01,-1.272003e+01,-1.287093e+01,7.998805e-01,5.981945e-01,-4.852267e-02,-5.583088e-01,7.713293e-01,3.055197e-01,2.201872e-01,-2.172886e-01,9.509486e-01,-1.512186e-01,2.111145e-01,3.901044e-01,2.959073e-03,-1.268625e-03,-9.709733e+00,
2.129022e-01,1.637224e-02,5.445732e-01,-2.137247e+00,2.109244e+00,-9.230356e+00,3.506839e-03,1.339740e-03,8.825752e-03,3.930967e+00,1.022570e+02,-3.491305e+01,-1.271843e+01,-1.287130e+01,7.999013e-01,5.981681e-01,-4.850564e-02,-5.582898e-01,7.713477e-01,3.055081e-01,2.201599e-01,-2.172962e-01,9.509532e-01,-1.517279e-01,2.120402e-01,3.889894e-01,-1.798868e-04,2.148151e-04,-9.706503e+00,
2.118910e-01,2.082494e-02,5.420722e-01,-2.134561e+00,2.106598e+00,-9.235148e+00,3.752199e-03,1.259508e-03,8.628300e-03,3.929810e+00,1.022730e+02,-3.491248e+01,-1.271662e+01,-1.286908e+01,7.999127e-01,5.981530e-01,-4.850725e-02,-5.582858e-01,7.713696e-01,3.054606e-01,2.201291e-01,-2.172608e-01,9.509685e-01,-1.506085e-01,2.138551e-01,3.869745e-01,5.768239e-04,-4.312754e-03,-9.709896e+00,
2.107931e-01,1.309610e-02,5.468889e-01,-2.133391e+00,2.109745e+00,-9.227282e+00,3.436860e-03,6.044825e-04,8.680834e-03,3.928626e+00,1.022730e+02,-3.491003e+01,-1.271871e+01,-1.287015e+01,7.999300e-01,5.981275e-01,-4.853763e-02,-5.582471e-01,7.713848e-01,3.054928e-01,2.201648e-01,-2.172768e-01,9.509566e-01,-1.538802e-01,2.116617e-01,3.903807e-01,3.203243e-03,-4.835129e-04,-9.702841e+00,
2.117969e-01,8.673018e-03,5.409220e-01,-2.129800e+00,2.110473e+00,-9.228431e+00,3.685397e-03,9.517578e-04,8.685103e-03,3.927572e+00,1.022730e+02,-3.491142e+01,-1.271825e+01,-1.287025e+01,7.999178e-01,5.981448e-01,-4.852292e-02,-5.582675e-01,7.713707e-01,3.054910e-01,2.201570e-01,-2.172789e-01,9.509579e-01,-1.547538e-01,2.083741e-01,3.878320e-01,6.494313e-03,-2.246618e-03,-9.703300e+00,
2.108080e-01,1.531223e-02,5.456654e-01,-2.131117e+00,2.113634e+00,-9.233974e+00,3.706361e-03,1.119229e-03,9.069579e-03,3.926623e+00,1.022730e+02,-3.490516e+01,-1.271616e+01,-1.287099e+01,7.999854e-01,5.980548e-01,-4.852016e-02,-5.581847e-01,7.714367e-01,3.054758e-01,2.201214e-01,-2.172929e-01,9.509630e-01,-1.530872e-01,2.123975e-01,3.894583e-01,7.240534e-03,-6.637573e-04,-9.709550e+00,
2.128562e-01,1.085725e-02,5.421751e-01,-2.134160e+00,2.115083e+00,-9.226759e+00,3.597588e-03,1.614843e-03,8.767596e-03,3.925758e+00,1.022570e+02,-3.490611e+01,-1.271234e+01,-1.287245e+01,7.999882e-01,5.980567e-01,-4.844791e-02,-5.582063e-01,7.714273e-01,3.054599e-01,2.200564e-01,-2.173203e-01,9.509717e-01,-1.535420e-01,2.091883e-01,3.883937e-01,4.653901e-03,4.529715e-03,-9.703672e+00,
2.149347e-01,9.695395e-03,5.447177e-01,-2.134525e+00,2.110830e+00,-9.233130e+00,3.481010e-03,1.131030e-03,8.649312e-03,3.927160e+00,1.022620e+02,-3.490068e+01,-1.271133e+01,-1.287352e+01,8.000442e-01,5.979815e-01,-4.845190e-02,-5.581328e-01,7.714804e-01,3.054601e-01,2.200392e-01,-2.173390e-01,9.509715e-01,-1.530716e-01,2.084497e-01,3.901723e-01,1.885414e-03,-5.402565e-04,-9.708888e+00,
2.128488e-01,9.750078e-03,5.421848e-01,-2.145244e+00,2.106329e+00,-9.238877e+00,3.690297e-03,1.149044e-03,8.417538e-03,3.928044e+00,1.022730e+02,-3.490611e+01,-1.271382e+01,-1.287103e+01,7.999834e-01,5.980603e-01,-4.848275e-02,-5.582031e-01,7.714316e-01,3.054549e-01,2.200816e-01,-2.172956e-01,9.509715e-01,-1.539363e-01,2.087047e-01,3.885303e-01,-8.521736e-03,3.106594e-04,-9.715734e+00,
2.108156e-01,1.642082e-02,5.444508e-01,-2.133250e+00,2.111979e+00,-9.233842e+00,3.501592e-03,1.360641e-03,8.713163e-03,3.927375e+00,1.022730e+02,-3.490666e+01,-1.271166e+01,-1.287189e+01,7.999850e-01,5.980616e-01,-4.844149e-02,-5.582156e-01,7.714260e-01,3.054464e-01,2.200448e-01,-2.173117e-01,9.509764e-01,-1.526391e-01,2.126619e-01,3.886848e-01,3.826439e-03,-3.955364e-04,-9.709535e+00,
2.117984e-01,8.667983e-03,5.421340e-01,-2.137056e+00,2.110236e+00,-9.228358e+00,3.430716e-03,1.019618e-03,8.559001e-03,3.928172e+00,1.022730e+02,-3.490756e+01,-1.271240e+01,-1.287268e+01,7.999739e-01,5.980767e-01,-4.843844e-02,-5.582265e-01,7.714109e-01,3.054647e-01,2.200573e-01,-2.173242e-01,9.509707e-01,-1.547586e-01,2.085631e-01,3.885089e-01,-4.990697e-04,1.882553e-03,-9.704778e+00,
2.118044e-01,9.781324e-03,5.397080e-01,-2.135479e+00,2.111640e+00,-9.232308e+00,3.664630e-03,1.217753e-03,8.878026e-03,3.928934e+00,1.022620e+02,-3.491161e+01,-1.271122e+01,-1.287304e+01,7.999381e-01,5.981278e-01,-4.839710e-02,-5.582855e-01,7.713692e-01,3.054619e-01,2.200373e-01,-2.173312e-01,9.509736e-01,-1.542882e-01,2.086366e-01,3.870670e-01,1.596481e-03,9.427071e-04,-9.708492e+00,
2.118081e-01,9.765307e-03,5.445458e-01,-2.134845e+00,2.111256e+00,-9.232024e+00,3.574400e-03,1.082529e-03,8.608344e-03,3.928474e+00,1.022570e+02,-3.490746e+01,-1.271163e+01,-1.287340e+01,7.999772e-01,5.980736e-01,-4.842109e-02,-5.582268e-01,7.714097e-01,3.054671e-01,2.200443e-01,-2.173367e-01,9.509708e-01,-1.544407e-01,2.094600e-01,3.896792e-01,1.883626e-03,2.920628e-04,-9.708000e+00,
2.118151e-01,1.087806e-02,5.421231e-01,-2.135889e+00,2.109853e+00,-9.230391e+00,3.592891e-03,1.236606e-03,8.588902e-03,3.928651e+00,1.022620e+02,-3.490882e+01,-1.271109e+01,-1.287329e+01,7.999657e-01,5.980901e-01,-4.840761e-02,-5.582469e-01,7.713974e-01,3.054616e-01,2.200350e-01,-2.173354e-01,9.509733e-01,-1.539856e-01,2.095258e-01,3.882372e-01,6.547570e-05,3.583431e-04,-9.706371e+00,
2.139264e-01,1.414213e-02,5.434323e-01,-2.137601e+00,2.111541e+00,-9.229525e+00,3.367044e-03,1.382933e-03,8.838910e-03,3.930291e+00,1.022730e+02,-3.491040e+01,-1.270957e+01,-1.287499e+01,7.999550e-01,5.981081e-01,-4.836072e-02,-5.582723e-01,7.713749e-01,3.054715e-01,2.200092e-01,-2.173650e-01,9.509724e-01,-1.519322e-01,2.105218e-01,3.888090e-01,-7.085204e-04,2.796412e-03,-9.706290e+00,
2.128264e-01,6.424982e-03,5.446243e-01,-2.136644e+00,2.107135e+00,-9.226024e+00,3.721371e-03,1.752436e-03,8.543870e-03,3.930691e+00,1.022680e+02,-3.491452e+01,-1.270698e+01,-1.287329e+01,7.999229e-01,5.981541e-01,-4.832126e-02,-5.583355e-01,7.713466e-01,3.054275e-01,2.199651e-01,-2.173389e-01,9.509885e-01,-1.550635e-01,2.076882e-01,3.902810e-01,-2.945960e-03,4.148483e-04,-9.701793e+00,
2.128527e-01,9.735531e-03,5.458178e-01,-2.132673e+00,2.112145e+00,-9.226211e+00,3.540823e-03,9.899461e-04,8.655351e-03,3.931431e+00,1.022620e+02,-3.491522e+01,-1.270720e+01,-1.287401e+01,7.999156e-01,5.981648e-01,-4.831292e-02,-5.583448e-01,7.713350e-01,3.054398e-01,2.199687e-01,-2.173507e-01,9.509850e-01,-1.539554e-01,2.093437e-01,3.905183e-01,3.197908e-03,1.886606e-03,-9.702186e+00,
2.118234e-01,1.198888e-02,5.397044e-01,-2.129890e+00,2.110846e+00,-9.237157e+00,3.591854e-03,1.283805e-03,8.762045e-03,3.932703e+00,1.022620e+02,-3.491460e+01,-1.270477e+01,-1.287418e+01,7.999293e-01,5.981491e-01,-4.828143e-02,-5.583416e-01,7.713459e-01,3.054184e-01,2.199274e-01,-2.173556e-01,9.509935e-01,-1.534780e-01,2.095866e-01,3.868211e-01,4.821986e-03,-3.799677e-03,-9.711701e+00,
2.118182e-01,1.087074e-02,5.433397e-01,-2.137851e+00,2.115415e+00,-9.237457e+00,3.557207e-03,8.224054e-04,8.742560e-03,3.933800e+00,1.022620e+02,-3.491624e+01,-1.270642e+01,-1.287580e+01,7.999080e-01,5.981776e-01,-4.827823e-02,-5.583609e-01,7.713165e-01,3.054573e-01,2.199555e-01,-2.173810e-01,9.509812e-01,-1.539554e-01,2.097495e-01,3.889118e-01,1.277417e-03,3.698587e-03,-9.714731e+00,
2.128519e-01,9.738633e-03,5.446094e-01,-2.134460e+00,2.114088e+00,-9.234337e+00,3.439055e-03,1.206024e-03,8.492474e-03,3.933294e+00,1.022620e+02,-3.492272e+01,-1.270556e+01,-1.287703e+01,7.998476e-01,5.982632e-01,-4.821922e-02,-5.584531e-01,7.712442e-01,3.054711e-01,2.199409e-01,-2.174022e-01,9.509797e-01,-1.538712e-01,2.091677e-01,3.898681e-01,2.810657e-03,1.650810e-03,-9.710730e+00,
2.117981e-01,8.671079e-03,5.409267e-01,-2.131043e+00,2.112628e+00,-9.233766e+00,3.670173e-03,1.045821e-03,8.991786e-03,3.931823e+00,1.022730e+02,-3.491975e+01,-1.270443e+01,-1.287739e+01,7.998801e-01,5.982200e-01,-4.821589e-02,-5.584141e-01,7.712758e-01,3.054629e-01,2.199217e-01,-2.174092e-01,9.509826e-01,-1.546144e-01,2.083855e-01,3.878843e-01,4.451692e-03,-1.149178e-03,-9.709117e+00,
2.128323e-01,7.539015e-03,5.421976e-01,-2.136629e+00,2.109270e+00,-9.237735e+00,3.641050e-03,1.128184e-03,8.586321e-03,3.930176e+00,1.022730e+02,-3.492260e+01,-1.270478e+01,-1.287618e+01,7.998513e-01,5.982584e-01,-4.821803e-02,-5.584533e-01,7.712517e-01,3.054522e-01,2.199275e-01,-2.173887e-01,9.509859e-01,-1.545611e-01,2.077840e-01,3.888396e-01,-1.671404e-03,-1.701117e-03,-9.713391e+00,
2.138941e-01,9.714082e-03,5.458717e-01,-2.142561e+00,2.112821e+00,-9.229706e+00,3.402880e-03,9.183472e-04,8.755670e-03,3.929700e+00,1.022620e+02,-3.492262e+01,-1.270820e+01,-1.287807e+01,7.998403e-01,5.982709e-01,-4.824478e-02,-5.584459e-01,7.712339e-01,3.055103e-01,2.199859e-01,-2.174173e-01,9.509659e-01,-1.534511e-01,2.090619e-01,3.906700e-01,-4.382432e-03,6.214380e-03,-9.707832e+00,
2.138915e-01,9.725710e-03,5.422449e-01,-2.140085e+00,2.113253e+00,-9.231409e+00,3.639011e-03,1.698739e-03,8.652923e-03,3.929490e+00,1.022730e+02,-3.492391e+01,-1.270614e+01,-1.287809e+01,7.998342e-01,5.982819e-01,-4.820973e-02,-5.584685e-01,7.712248e-01,3.054919e-01,2.199508e-01,-2.174193e-01,9.509735e-01,-1.533328e-01,2.084342e-01,3.887188e-01,-2.348214e-03,4.842520e-03,-9.709001e+00,
2.138973e-01,1.084354e-02,5.386112e-01,-2.136016e+00,2.108210e+00,-9.233504e+00,3.607668e-03,1.618351e-03,8.542876e-03,3.930279e+00,1.022730e+02,-3.493035e+01,-1.270345e+01,-1.287636e+01,7.997800e-01,5.983588e-01,-4.815672e-02,-5.585644e-01,7.711727e-01,3.054485e-01,2.199049e-01,-2.173930e-01,9.509903e-01,-1.528206e-01,2.082880e-01,3.866338e-01,-2.221823e-03,-1.463890e-03,-9.709003e+00,
2.128263e-01,6.422187e-03,5.458297e-01,-2.133178e+00,2.112177e+00,-9.227900e+00,3.499187e-03,8.563748e-04,8.491388e-03,3.928917e+00,1.022730e+02,-3.493576e+01,-1.270504e+01,-1.287744e+01,7.997222e-01,5.984375e-01,-4.813816e-02,-5.586364e-01,7.711070e-01,3.054827e-01,2.199320e-01,-2.174096e-01,9.509801e-01,-1.549905e-01,2.079711e-01,3.909348e-01,2.270490e-03,1.420975e-03,-9.703910e+00,
2.129090e-01,1.748214e-02,5.433558e-01,-2.133951e+00,2.106759e+00,-9.227829e+00,3.513740e-03,1.128746e-03,8.282615e-03,3.929071e+00,1.022730e+02,-3.493531e+01,-1.270590e+01,-1.287583e+01,7.997237e-01,5.984327e-01,-4.816919e-02,-5.586281e-01,7.711183e-01,3.054688e-01,2.199467e-01,-2.173820e-01,9.509830e-01,-1.511415e-01,2.123503e-01,3.882430e-01,-1.320690e-03,-2.168179e-03,-9.702835e+00,
2.117994e-01,8.663532e-03,5.433434e-01,-2.134818e+00,2.113597e+00,-9.229442e+00,3.564541e-03,9.645990e-04,8.416672e-03,3.929353e+00,1.022620e+02,-3.493303e+01,-1.270716e+01,-1.287674e+01,7.997421e-01,5.984069e-01,-4.818898e-02,-5.585937e-01,7.711346e-01,3.054911e-01,2.199681e-01,-2.173960e-01,9.509749e-01,-1.546523e-01,2.088435e-01,3.891794e-01,2.244234e-03,2.850533e-03,-9.706047e+00,
2.139088e-01,1.193581e-02,5.422347e-01,-2.137741e+00,2.108275e+00,-9.228053e+00,3.263782e-03,6.614710e-04,8.714041e-03,3.930550e+00,1.022730e+02,-3.492952e+01,-1.271001e+01,-1.287793e+01,7.997674e-01,5.983694e-01,-4.823401e-02,-5.585384e-01,7.711587e-01,3.055313e-01,2.200166e-01,-2.174134e-01,9.509597e-01,-1.525756e-01,2.094237e-01,3.884264e-01,-3.062040e-03,3.666878e-04,-9.704212e+00,
2.128656e-01,1.195980e-02,5.421739e-01,-2.135168e+00,2.113488e+00,-9.234299e+00,3.408230e-03,8.925199e-04,8.466749e-03,3.929403e+00,1.022680e+02,-3.493246e+01,-1.271110e+01,-1.287961e+01,7.997353e-01,5.984136e-01,-4.821566e-02,-5.585769e-01,7.711167e-01,3.055668e-01,2.200352e-01,-2.174404e-01,9.509492e-01,-1.530271e-01,2.097766e-01,3.882533e-01,2.408832e-03,7.059574e-04,-9.710719e+00,
2.149368e-01,9.686875e-03,5.471371e-01,-2.129772e+00,2.109382e+00,-9.232604e+00,3.728461e-03,1.317314e-03,8.507514e-03,3.928444e+00,1.022620e+02,-3.493582e+01,-1.270918e+01,-1.287772e+01,7.997085e-01,5.984513e-01,-4.819137e-02,-5.586280e-01,7.710958e-01,3.055260e-01,2.200026e-01,-2.174106e-01,9.509634e-01,-1.529805e-01,2.089758e-01,3.914831e-01,4.097432e-03,-4.513979e-03,-9.707026e+00,
2.107756e-01,1.088950e-02,5.456923e-01,-2.139666e+00,2.113047e+00,-9.237083e+00,3.308794e-03,7.181154e-04,8.416496e-03,3.928336e+00,1.022730e+02,-3.493577e+01,-1.271207e+01,-1.287957e+01,7.997000e-01,5.984613e-01,-4.821158e-02,-5.586210e-01,7.710803e-01,3.055782e-01,2.200517e-01,-2.174388e-01,9.509458e-01,-1.544294e-01,2.105937e-01,3.900198e-01,-1.180083e-03,1.940250e-03,-9.714262e+00,
2.118043e-01,9.781991e-03,5.397072e-01,-2.138984e+00,2.107019e+00,-9.224850e+00,3.508437e-03,1.441068e-03,8.742871e-03,3.927869e+00,1.022620e+02,-3.493948e+01,-1.271133e+01,-1.287880e+01,7.996661e-01,5.985082e-01,-4.818983e-02,-5.586745e-01,7.710472e-01,3.055640e-01,2.200392e-01,-2.174267e-01,9.509515e-01,-1.541608e-01,2.087468e-01,3.870579e-01,-4.860610e-03,8.251667e-04,-9.701167e+00,
2.128373e-01,8.657128e-03,5.385617e-01,-2.135318e+00,2.105141e+00,-9.229424e+00,3.549639e-03,1.296065e-03,8.508744e-03,3.927823e+00,1.022680e+02,-3.493971e+01,-1.271063e+01,-1.287663e+01,7.996661e-01,5.985072e-01,-4.820169e-02,-5.586792e-01,7.710579e-01,3.055283e-01,2.200271e-01,-2.173913e-01,9.509623e-01,-1.540479e-01,2.077128e-01,3.867134e-01,-2.725214e-03,-3.706932e-03,-9.704302e+00,
2.149516e-01,1.190864e-02,5.435007e-01,-2.133813e+00,2.107760e+00,-9.226867e+00,3.559171e-03,9.106022e-04,8.576937e-03,3.928828e+00,1.022500e+02,-3.494194e+01,-1.271140e+01,-1.287643e+01,7.996419e-01,5.985396e-01,-4.820241e-02,-5.587087e-01,7.710339e-01,3.055348e-01,2.200403e-01,-2.173873e-01,9.509602e-01,-1.521153e-01,2.093301e-01,3.892398e-01,4.875660e-05,-1.795053e-03,-9.702108e+00,
2.139011e-01,1.082716e-02,5.434485e-01,-2.135185e+00,2.107942e+00,-9.239053e+00,3.792597e-03,9.926133e-04,8.527565e-03,3.930111e+00,1.022680e+02,-3.494334e+01,-1.271124e+01,-1.287306e+01,7.996287e-01,5.985550e-01,-4.822797e-02,-5.587285e-01,7.710376e-01,3.054891e-01,2.200376e-01,-2.173315e-01,9.509735e-01,-1.529678e-01,2.091637e-01,3.892193e-01,-5.507469e-05,-4.138947e-03,-9.714038e+00,
2.117975e-01,8.672070e-03,5.409246e-01,-2.138509e+00,2.107795e+00,-9.235663e+00,3.738461e-03,6.898033e-04,8.813760e-03,3.929307e+00,1.022680e+02,-3.493773e+01,-1.271412e+01,-1.287138e+01,7.996744e-01,5.984871e-01,-4.831469e-02,-5.586439e-01,7.710990e-01,3.054891e-01,2.200867e-01,-2.173011e-01,9.509691e-01,-1.546302e-01,2.084357e-01,3.878497e-01,-2.404958e-03,-1.411200e-03,-9.711514e+00,
2.128472e-01,9.758315e-03,5.397676e-01,-2.133507e+00,2.110061e+00,-9.235200e+00,3.524178e-03,7.634428e-04,9.008105e-03,3.929232e+00,1.022620e+02,-3.493614e+01,-1.271401e+01,-1.287195e+01,7.996902e-01,5.984658e-01,-4.831560e-02,-5.586219e-01,7.711128e-01,3.054944e-01,2.200847e-01,-2.173107e-01,9.509674e-01,-1.537553e-01,2.083764e-01,3.872219e-01,2.858669e-03,-2.382755e-03,-9.710464e+00,
2.097280e-01,1.093430e-02,5.395849e-01,-2.134366e+00,2.112121e+00,-9.235083e+00,3.586009e-03,1.437151e-03,8.857056e-03,3.927525e+00,1.022570e+02,-3.493711e+01,-1.271148e+01,-1.287256e+01,7.996889e-01,5.984715e-01,-4.826979e-02,-5.586410e-01,7.711050e-01,3.054794e-01,2.200418e-01,-2.173230e-01,9.509746e-01,-1.547467e-01,2.098453e-01,3.865984e-01,2.991110e-03,-1.168251e-04,-9.710991e+00,
2.128491e-01,9.746641e-03,5.433927e-01,-2.130113e+00,2.113620e+00,-9.229893e+00,3.395507e-03,6.795997e-04,8.747555e-03,3.927746e+00,1.022620e+02,-3.493245e+01,-1.271288e+01,-1.287519e+01,7.997297e-01,5.984154e-01,-4.828603e-02,-5.585729e-01,7.711364e-01,3.055241e-01,2.200654e-01,-2.173655e-01,9.509592e-01,-1.538501e-01,2.090047e-01,3.891810e-01,6.982654e-03,-2.419949e-04,-9.705443e+00,
2.118065e-01,9.773472e-03,5.421268e-01,-2.137255e+00,2.113791e+00,-9.230860e+00,3.607196e-03,1.326249e-03,8.626848e-03,3.927926e+00,1.022730e+02,-3.492919e+01,-1.271195e+01,-1.287572e+01,7.997645e-01,5.983690e-01,-4.828542e-02,-5.585294e-01,7.711698e-01,3.055197e-01,2.200497e-01,-2.173750e-01,9.509608e-01,-1.542841e-01,2.091182e-01,3.883673e-01,1.242131e-03,3.602743e-03,-9.707973e+00,
2.117743e-01,5.344814e-03,5.445672e-01,-2.139752e+00,2.112558e+00,-9.239629e+00,3.497868e-03,1.391144e-03,8.623664e-03,3.928332e+00,1.022730e+02,-3.492899e+01,-1.271070e+01,-1.287607e+01,7.997704e-01,5.983627e-01,-4.826560e-02,-5.585294e-01,7.711727e-01,3.055124e-01,2.200283e-01,-2.173820e-01,9.509642e-01,-1.558622e-01,2.076095e-01,3.902323e-01,-1.277685e-03,1.440287e-03,-9.716594e+00,
2.128767e-01,1.305126e-02,5.470010e-01,-2.136515e+00,2.109352e+00,-9.239356e+00,3.553623e-03,1.368156e-03,8.516821e-03,3.926736e+00,1.022680e+02,-3.492652e+01,-1.270948e+01,-1.287506e+01,7.997983e-01,5.983249e-01,-4.827273e-02,-5.584977e-01,7.712066e-01,3.054851e-01,2.200076e-01,-2.173662e-01,9.509726e-01,-1.528172e-01,2.110387e-01,3.907397e-01,-6.948709e-04,-2.501011e-03,-9.714927e+00,
2.118240e-01,1.198147e-02,5.433230e-01,-2.137345e+00,2.112864e+00,-9.229821e+00,3.380117e-03,7.637999e-04,8.311898e-03,3.926024e+00,1.022570e+02,-3.492815e+01,-1.271246e+01,-1.287628e+01,7.997729e-01,5.983571e-01,-4.829191e-02,-5.585138e-01,7.711764e-01,3.055313e-01,2.200584e-01,-2.173839e-01,9.509566e-01,-1.535628e-01,2.102895e-01,3.887398e-01,5.827546e-04,3.128290e-03,-9.706803e+00,
2.128426e-01,8.635713e-03,5.446112e-01,-2.141507e+00,2.106336e+00,-9.225642e+00,3.503982e-03,9.309010e-04,8.406447e-03,3.928692e+00,1.022730e+02,-3.492904e+01,-1.271524e+01,-1.287556e+01,7.997556e-01,5.983770e-01,-4.833253e-02,-5.585200e-01,7.711650e-01,3.055486e-01,2.201056e-01,-2.173695e-01,9.509490e-01,-1.542878e-01,2.087339e-01,3.899646e-01,-6.400168e-03,1.524925e-03,-9.702326e+00,
2.139087e-01,1.193616e-02,5.422343e-01,-2.132575e+00,2.113879e+00,-9.237437e+00,3.667274e-03,1.255223e-03,8.710206e-03,3.929922e+00,1.022570e+02,-3.492577e+01,-1.271273e+01,-1.287562e+01,7.997952e-01,5.983253e-01,-4.831523e-02,-5.584800e-01,7.712042e-01,3.055228e-01,2.200630e-01,-2.173726e-01,9.509581e-01,-1.526150e-01,2.094105e-01,3.884178e-01,5.472928e-03,-1.015663e-03,-9.713217e+00,
2.138816e-01,8.628715e-03,5.398329e-01,-2.132192e+00,2.110743e+00,-9.230048e+00,3.563177e-03,1.156397e-03,8.652291e-03,3.930116e+00,1.022680e+02,-3.492581e+01,-1.271112e+01,-1.287644e+01,7.998001e-01,5.983216e-01,-4.828454e-02,-5.584841e-01,7.712031e-01,3.055186e-01,2.200355e-01,-2.173876e-01,9.509612e-01,-1.536722e-01,2.075531e-01,3.875319e-01,3.243953e-03,-1.344204e-03,-9.705425e+00,
2.107636e-01,9.802824e-03,5.396556e-01,-2.135876e+00,2.114324e+00,-9.230056e+00,3.503710e-03,9.530821e-04,8.532831e-03,3.931637e+00,1.022730e+02,-3.492655e+01,-1.271225e+01,-1.287794e+01,7.997892e-01,5.983362e-01,-4.828028e-02,-5.584918e-01,7.711848e-01,3.055502e-01,2.200548e-01,-2.174117e-01,9.509512e-01,-1.546810e-01,2.090405e-01,3.868947e-01,2.455294e-03,3.158092e-03,-9.707021e+00,
2.118190e-01,1.086346e-02,5.457549e-01,-2.137823e+00,2.106497e+00,-9.232391e+00,3.485874e-03,1.084745e-03,8.448157e-03,3.932360e+00,1.022620e+02,-3.492767e+01,-1.271358e+01,-1.287656e+01,7.997741e-01,5.983543e-01,-4.830684e-02,-5.585045e-01,7.711775e-01,3.055453e-01,2.200775e-01,-2.173876e-01,9.509513e-01,-1.540183e-01,2.102282e-01,3.901848e-01,-3.356159e-03,-2.446890e-03,-9.707969e+00,
2.138675e-01,6.405649e-03,5.434720e-01,-2.135515e+00,2.109535e+00,-9.230970e+00,3.514766e-03,8.320080e-04,8.769889e-03,3.931051e+00,1.022620e+02,-3.492612e+01,-1.271480e+01,-1.287721e+01,7.997854e-01,5.983379e-01,-4.832488e-02,-5.584804e-01,7.711877e-01,3.055642e-01,2.200982e-01,-2.173973e-01,9.509445e-01,-1.545493e-01,2.072353e-01,3.897524e-01,3.465414e-04,-1.163960e-03,-9.706770e+00,
2.128236e-01,6.434467e-03,5.422020e-01,-2.136939e+00,2.107457e+00,-9.234504e+00,3.604958e-03,1.384932e-03,8.706695e-03,3.929101e+00,1.022620e+02,-3.492782e+01,-1.271304e+01,-1.287539e+01,7.997743e-01,5.983536e-01,-4.831091e-02,-5.585078e-01,7.711834e-01,3.055244e-01,2.200682e-01,-2.173686e-01,9.509578e-01,-1.549711e-01,2.073454e-01,3.889427e-01,-1.936972e-03,-2.634287e-03,-9.709991e+00,
2.118325e-01,1.308254e-02,5.445253e-01,-2.135945e+00,2.109161e+00,-9.228737e+00,3.623162e-03,9.789849e-04,8.591539e-03,3.926877e+00,1.022730e+02,-3.492647e+01,-1.271375e+01,-1.287455e+01,7.997853e-01,5.983370e-01,-4.833647e-02,-5.584875e-01,7.712004e-01,3.055188e-01,2.200803e-01,-2.173541e-01,9.509584e-01,-1.532392e-01,2.109676e-01,3.892510e-01,-2.235770e-04,-6.890297e-05,-9.704659e+00,
2.138842e-01,8.610127e-03,5.458730e-01,-2.137403e+00,2.110373e+00,-9.237496e+00,3.516138e-03,1.018747e-03,8.635424e-03,3.926092e+00,1.022730e+02,-3.492319e+01,-1.271443e+01,-1.287463e+01,7.998151e-01,5.982951e-01,-4.836246e-02,-5.584402e-01,7.712327e-01,3.055236e-01,2.200920e-01,-2.173548e-01,9.509556e-01,-1.538792e-01,2.085869e-01,3.907839e-01,-1.533031e-04,-1.072407e-03,-9.713573e+00,
2.138918e-01,9.722920e-03,5.434515e-01,-2.140073e+00,2.110384e+00,-9.227710e+00,3.220914e-03,1.178641e-03,8.611733e-03,3.928183e+00,1.022680e+02,-3.492785e+01,-1.271521e+01,-1.287646e+01,7.997671e-01,5.983616e-01,-4.832906e-02,-5.585034e-01,7.711726e-01,3.055594e-01,2.201051e-01,-2.173845e-01,9.509456e-01,-1.534102e-01,2.086781e-01,3.893342e-01,-2.820969e-03,3.094673e-03,-9.704856e+00,
2.128313e-01,7.540333e-03,5.421948e-01,-2.140715e+00,2.112740e+00,-9.232760e+00,3.550423e-03,1.094751e-03,8.730440e-03,3.928090e+00,1.022620e+02,-3.492542e+01,-1.271617e+01,-1.287726e+01,7.997879e-01,5.983327e-01,-4.834680e-02,-5.584674e-01,7.711918e-01,3.055773e-01,2.201215e-01,-2.173969e-01,9.509392e-01,-1.546093e-01,2.078428e-01,3.887874e-01,-1.621813e-03,3.525496e-03,-9.710315e+00,
2.128474e-01,9.754486e-03,5.409741e-01,-2.136944e+00,2.109349e+00,-9.238158e+00,3.510068e-03,1.194271e-03,8.606212e-03,3.927593e+00,1.022680e+02,-3.492578e+01,-1.271527e+01,-1.287688e+01,7.997872e-01,5.983346e-01,-4.833654e-02,-5.584745e-01,7.711919e-01,3.055641e-01,2.201063e-01,-2.173915e-01,9.509439e-01,-1.538118e-01,2.085907e-01,3.878614e-01,-4.632771e-04,-2.708197e-03,-9.713880e+00,
2.118411e-01,1.419023e-02,5.433143e-01,-2.138516e+00,2.107452e+00,-9.234345e+00,3.387794e-03,8.614741e-04,8.743051e-03,3.928710e+00,1.022730e+02,-3.492413e+01,-1.271721e+01,-1.287721e+01,7.997971e-01,5.983186e-01,-4.836825e-02,-5.584472e-01,7.712030e-01,3.055855e-01,2.201392e-01,-2.173953e-01,9.509353e-01,-1.528414e-01,2.112629e-01,3.884428e-01,-2.802134e-03,-2.360106e-03,-9.710187e+00,
2.139005e-01,1.082717e-02,5.434476e-01,-2.142140e+00,2.116869e+00,-9.226525e+00,3.317233e-03,1.091084e-03,8.514601e-03,3.929394e+00,1.022730e+02,-3.491991e+01,-1.271908e+01,-1.288007e+01,7.998325e-01,5.982699e-01,-4.838645e-02,-5.583842e-01,7.712280e-01,3.056381e-01,2.201711e-01,-2.174410e-01,9.509175e-01,-1.530651e-01,2.091738e-01,3.891752e-01,-4.550219e-04,8.747578e-03,-9.705596e+00,
2.138823e-01,8.621789e-03,5.422477e-01,-2.137876e+00,2.106332e+00,-9.233403e+00,3.423699e-03,9.777516e-04,8.606019e-03,3.928555e+00,1.022730e+02,-3.492125e+01,-1.272023e+01,-1.287935e+01,7.998158e-01,5.982909e-01,-4.840246e-02,-5.584003e-01,7.712153e-01,3.056405e-01,2.201906e-01,-2.174281e-01,9.509160e-01,-1.537943e-01,2.080094e-01,3.887935e-01,-2.788097e-03,-3.875732e-03,-9.708906e+00,
2.149324e-01,9.704218e-03,5.422979e-01,-2.134887e+00,2.108212e+00,-9.227098e+00,3.640638e-03,1.113100e-03,8.744896e-03,3.927448e+00,1.022730e+02,-3.491827e+01,-1.271923e+01,-1.287829e+01,7.998479e-01,5.982467e-01,-4.841582e-02,-5.583608e-01,7.712542e-01,3.056142e-01,2.201736e-01,-2.174114e-01,9.509237e-01,-1.529613e-01,2.081409e-01,3.888240e-01,3.831983e-04,-1.927137e-03,-9.702661e+00,
2.128922e-01,1.526851e-02,5.445730e-01,-2.133172e+00,2.103649e+00,-9.232393e+00,3.209784e-03,7.892651e-04,8.525296e-03,3.926968e+00,1.022730e+02,-3.491541e+01,-1.272010e+01,-1.287790e+01,7.998731e-01,5.982106e-01,-4.844704e-02,-5.583190e-01,7.712843e-01,3.056149e-01,2.201885e-01,-2.174042e-01,9.509219e-01,-1.520776e-01,2.116124e-01,3.891073e-01,-5.597174e-04,-8.054495e-03,-9.706326e+00,
2.128576e-01,1.085181e-02,5.433865e-01,-2.137655e+00,2.109800e+00,-9.231439e+00,3.456175e-03,1.119726e-03,8.788540e-03,3.927336e+00,1.022570e+02,-3.490876e+01,-1.272049e+01,-1.287833e+01,7.999367e-01,5.981227e-01,-4.848333e-02,-5.582254e-01,7.713506e-01,3.056187e-01,2.201951e-01,-2.174110e-01,9.509189e-01,-1.535852e-01,2.094697e-01,3.890053e-01,-4.984140e-04,-6.115437e-04,-9.707745e+00,
2.138978e-01,1.083797e-02,5.410246e-01,-2.136273e+00,2.110595e+00,-9.229369e+00,3.665285e-03,9.305374e-04,8.743461e-03,3.926281e+00,1.022730e+02,-3.490738e+01,-1.272092e+01,-1.287788e+01,7.999489e-01,5.981051e-01,-4.850121e-02,-5.582051e-01,7.713665e-01,3.056156e-01,2.202024e-01,-2.174032e-01,9.509190e-01,-1.530620e-01,2.087194e-01,3.878607e-01,1.083761e-03,-1.175404e-04,-9.705646e+00,
2.118398e-01,1.419461e-02,5.421031e-01,-2.131230e+00,2.110233e+00,-9.229543e+00,3.438584e-03,9.440160e-04,8.627153e-03,3.927750e+00,1.022680e+02,-3.490781e+01,-1.271675e+01,-1.287898e+01,7.999577e-01,5.980989e-01,-4.843064e-02,-5.582204e-01,7.713651e-01,3.055911e-01,2.201314e-01,-2.174250e-01,9.509304e-01,-1.528567e-01,2.110204e-01,3.877876e-01,4.226923e-03,-3.010035e-03,-9.704621e+00,
2.128849e-01,1.416209e-02,5.445826e-01,-2.136124e+00,2.109632e+00,-9.227595e+00,3.590931e-03,1.198824e-03,8.828375e-03,3.928652e+00,1.022800e+02,-3.491157e+01,-1.271646e+01,-1.287931e+01,7.999220e-01,5.981489e-01,-4.840311e-02,-5.582735e-01,7.713248e-01,3.055961e-01,2.201265e-01,-2.174308e-01,9.509302e-01,-1.524443e-01,2.111160e-01,3.892617e-01,-2.140701e-04,-1.635551e-04,-9.703716e+00,
2.118693e-01,1.749611e-02,5.457194e-01,-2.140411e+00,2.105663e+00,-9.236962e+00,3.657005e-03,1.067744e-03,8.653002e-03,3.930844e+00,1.022620e+02,-3.491314e+01,-1.271757e+01,-1.287666e+01,7.999032e-01,5.981713e-01,-4.843754e-02,-5.582930e-01,7.713201e-01,3.055722e-01,2.201453e-01,-2.173858e-01,9.509362e-01,-1.518171e-01,2.130877e-01,3.893362e-01,-5.158335e-03,-3.441811e-03,-9.712705e+00,
2.128656e-01,1.196016e-02,5.421739e-01,-2.138123e+00,2.113702e+00,-9.229541e+00,3.503931e-03,1.202819e-03,8.827948e-03,3.930026e+00,1.022680e+02,-3.491376e+01,-1.271711e+01,-1.287801e+01,7.998985e-01,5.981794e-01,-4.841389e-02,-5.583027e-01,7.713073e-01,3.055867e-01,2.201376e-01,-2.174087e-01,9.509327e-01,-1.531361e-01,2.097406e-01,3.882297e-01,9.296536e-04,3.609180e-03,-9.706891e+00,
2.107902e-01,1.196670e-02,5.541506e-01,-2.139847e+00,2.104370e+00,-9.237110e+00,3.169904e-03,1.224518e-03,8.579472e-03,3.928500e+00,1.022730e+02,-3.491735e+01,-1.271674e+01,-1.287759e+01,7.998647e-01,5.982261e-01,-4.839411e-02,-5.583536e-01,7.712730e-01,3.055804e-01,2.201312e-01,-2.174019e-01,9.509357e-01,-1.543922e-01,2.124848e-01,3.944378e-01,-5.676955e-03,-4.844904e-03,-9.712439e+00,
2.138757e-01,7.508729e-03,5.446710e-01,-2.134323e+00,2.107401e+00,-9.228506e+00,3.586004e-03,7.759521e-04,8.712810e-03,3.927572e+00,1.022730e+02,-3.491671e+01,-1.271784e+01,-1.287657e+01,7.998676e-01,5.982201e-01,-4.842316e-02,-5.583422e-01,7.712827e-01,3.055765e-01,2.201499e-01,-2.173841e-01,9.509355e-01,-1.542579e-01,2.079063e-01,3.902525e-01,3.871620e-04,-2.929688e-03,-9.703701e+00,
2.128660e-01,1.195736e-02,5.433807e-01,-2.140719e+00,2.111442e+00,-9.233026e+00,3.421439e-03,1.126846e-03,8.650643e-03,3.927559e+00,1.022680e+02,-3.491104e+01,-1.271959e+01,-1.287772e+01,7.999172e-01,5.981501e-01,-4.846516e-02,-5.582592e-01,7.713319e-01,3.056038e-01,2.201797e-01,-2.174016e-01,9.509245e-01,-1.531952e-01,2.099491e-01,3.888715e-01,-1.958847e-03,2.050638e-03,-9.710283e+00,
2.118533e-01,1.641857e-02,5.384614e-01,-2.138189e+00,2.109484e+00,-9.233409e+00,3.579078e-03,1.083671e-03,8.706415e-03,3.926426e+00,1.022570e+02,-3.491017e+01,-1.271978e+01,-1.287720e+01,7.999252e-01,5.981386e-01,-4.847786e-02,-5.582467e-01,7.713435e-01,3.055980e-01,2.201830e-01,-2.173929e-01,9.509258e-01,-1.520114e-01,2.113656e-01,3.855383e-01,-1.011461e-03,-9.372234e-04,-9.709667e+00,
2.118080e-01,9.762838e-03,5.457512e-01,-2.130927e+00,2.110936e+00,-9.235479e+00,3.477958e-03,9.746331e-04,8.882350e-03,3.926513e+00,1.022620e+02,-3.491234e+01,-1.271864e+01,-1.287788e+01,7.999076e-01,5.981649e-01,-4.844359e-02,-5.582795e-01,7.713196e-01,3.055981e-01,2.201636e-01,-2.174052e-01,9.509275e-01,-1.544754e-01,2.097355e-01,3.902937e-01,5.542815e-03,-4.486561e-03,-9.710352e+00,
2.139530e-01,1.744484e-02,5.482447e-01,-2.137197e+00,2.110659e+00,-9.239912e+00,3.763471e-03,1.314686e-03,8.464324e-03,3.925992e+00,1.022570e+02,-3.491405e+01,-1.271731e+01,-1.287584e+01,7.998950e-01,5.981820e-01,-4.843774e-02,-5.583063e-01,7.713155e-01,3.055595e-01,2.201410e-01,-2.173724e-01,9.509402e-01,-1.509566e-01,2.128393e-01,3.909686e-01,5.852580e-04,-2.147913e-03,-9.715888e+00,
