MagX, MagY, MagZ, AccX, AccY, AccZ, GyroX, GyroY, GyroZ, Temp, Pres, Yaw, Pitch, Roll, DCM1, DCM2, DCM3, DCM4, DCM5, DCM6, DCM7, DCM8, DCM9, MagNED1, MagNED2, MagNED3, AccNED1, AccNED2, ACCNED3, 
3.827689e-01,-1.354407e-01,4.618738e-01,-3.868178e+00,3.336714e+00,-8.297386e+00,3.624634e-03,2.351459e-04,7.985786e-03,7.142253e+00,1.022720e+02,-1.271102e+02,-2.335852e+01,-2.188559e+01,-5.539004e-01,6.508330e-01,5.192407e-01,-7.321171e-01,-6.777261e-01,6.849742e-02,3.964834e-01,-3.422042e-01,8.518786e-01,1.873946e-01,1.443475e-01,3.762131e-01,5.887032e-03,2.231419e-03,-9.743872e+00,
3.796053e-01,-1.353614e-01,4.592517e-01,-3.869253e+00,3.337685e+00,-8.304136e+00,3.693831e-03,9.627971e-05,7.884061e-03,7.141654e+00,1.022450e+02,-1.271092e+02,-2.335834e+01,-2.188597e+01,-5.538888e-01,6.508417e-01,5.192423e-01,-7.321275e-01,-6.777148e-01,6.849954e-02,3.964805e-01,-3.422104e-01,8.518776e-01,1.876650e-01,1.456254e-01,3.740574e-01,3.582001e-03,1.958430e-03,-9.750381e+00,
3.827272e-01,-1.410260e-01,4.619041e-01,-3.865065e+00,3.335576e+00,-8.304419e+00,3.731441e-03,2.425301e-04,8.078563e-03,7.142198e+00,1.022600e+02,-1.270993e+02,-2.335681e+01,-2.188568e+01,-5.537684e-01,6.509672e-01,5.192133e-01,-7.322319e-01,-6.775944e-01,6.857477e-02,3.964559e-01,-3.422099e-01,8.518893e-01,1.851545e-01,1.467151e-01,3.773981e-01,-6.294250e-05,4.819632e-04,-9.748240e+00,
3.806454e-01,-1.376284e-01,4.617701e-01,-3.866786e+00,3.333059e+00,-8.302934e+00,3.660278e-03,7.720533e-04,7.999243e-03,7.142201e+00,1.022600e+02,-1.271017e+02,-2.335298e+01,-2.188401e+01,-5.538157e-01,6.509671e-01,5.191630e-01,-7.322292e-01,-6.776020e-01,6.852682e-02,3.963946e-01,-3.421950e-01,8.519237e-01,1.871570e-01,1.462125e-01,3.761255e-01,6.227493e-04,3.912091e-03,-9.746795e+00,
3.795781e-01,-1.387071e-01,4.580449e-01,-3.865288e+00,3.330239e+00,-8.308354e+00,3.509333e-03,-1.356226e-04,8.048095e-03,7.141310e+00,1.022490e+02,-1.271031e+02,-2.335331e+01,-2.188251e+01,-5.538318e-01,6.509634e-01,5.191505e-01,-7.322143e-01,-6.776174e-01,6.853607e-02,3.963998e-01,-3.421719e-01,8.519306e-01,1.858986e-01,1.469883e-01,3.741459e-01,-4.703045e-03,4.169464e-03,-9.749855e+00,
3.795247e-01,-1.454031e-01,4.568551e-01,-3.867987e+00,3.336597e+00,-8.305185e+00,3.533641e-03,8.188893e-04,7.903452e-03,7.139034e+00,1.022560e+02,-1.271063e+02,-2.334995e+01,-2.188317e+01,-5.538870e-01,6.509312e-01,5.191318e-01,-7.322015e-01,-6.776389e-01,6.845924e-02,3.963461e-01,-3.421904e-01,8.519481e-01,1.828633e-01,1.497143e-01,3.749294e-01,2.836704e-03,2.570987e-03,-9.750401e+00,
3.785237e-01,-1.386832e-01,4.579856e-01,-3.870024e+00,3.335371e+00,-8.302684e+00,3.417675e-03,1.722680e-04,7.830328e-03,7.139427e+00,1.022600e+02,-1.271097e+02,-2.335087e+01,-2.188423e+01,-5.539265e-01,6.508783e-01,5.191560e-01,-7.321636e-01,-6.776830e-01,6.842694e-02,3.963608e-01,-3.422037e-01,8.519359e-01,1.862649e-01,1.474068e-01,3.738617e-01,4.240990e-03,5.039155e-03,-9.748657e+00,
3.827005e-01,-1.443806e-01,4.643651e-01,-3.864814e+00,3.335497e+00,-8.305605e+00,3.597537e-03,3.949975e-04,7.951076e-03,7.139165e+00,1.022560e+02,-1.271144e+02,-2.334847e+01,-2.188429e+01,-5.539961e-01,6.508312e-01,5.191408e-01,-7.321318e-01,-6.777245e-01,6.835538e-02,3.963223e-01,-3.422109e-01,8.519510e-01,1.846054e-01,1.481390e-01,3.794163e-01,1.587868e-04,1.272678e-03,-9.749124e+00,
3.795240e-01,-1.454087e-01,4.592985e-01,-3.864346e+00,3.338353e+00,-8.304496e+00,3.625387e-03,-2.186163e-04,7.724493e-03,7.137540e+00,1.022560e+02,-1.271101e+02,-2.335017e+01,-2.188483e+01,-5.539337e-01,6.508713e-01,5.191571e-01,-7.321643e-01,-6.776842e-01,6.840840e-02,3.963496e-01,-3.422145e-01,8.519368e-01,1.836597e-01,1.498006e-01,3.762049e-01,2.092361e-03,-1.109779e-03,-9.748971e+00,
3.795689e-01,-1.398316e-01,4.617162e-01,-3.866596e+00,3.330514e+00,-8.304116e+00,3.637619e-03,-4.013346e-04,7.896358e-03,7.136428e+00,1.022670e+02,-1.271115e+02,-2.335290e+01,-2.188389e+01,-5.539408e-01,6.508529e-01,5.191725e-01,-7.321351e-01,-6.777124e-01,6.843889e-02,3.963933e-01,-3.421934e-01,8.519249e-01,1.866499e-01,1.475779e-01,3.762984e-01,-1.729012e-03,5.415499e-03,-9.746857e+00,
3.806617e-01,-1.342641e-01,4.605187e-01,-3.864897e+00,3.335694e+00,-8.304262e+00,3.746345e-03,-2.299393e-04,7.796071e-03,7.134499e+00,1.022670e+02,-1.271103e+02,-2.335404e+01,-2.188307e+01,-5.539200e-01,6.508712e-01,5.191720e-01,-7.321412e-01,-6.777027e-01,6.847344e-02,3.964116e-01,-3.421783e-01,8.519226e-01,1.881166e-01,1.447365e-01,3.747661e-01,6.113052e-04,4.205704e-04,-9.748081e+00,
3.795472e-01,-1.420547e-01,4.592782e-01,-3.863415e+00,3.332535e+00,-8.304070e+00,3.694855e-03,1.600959e-05,7.878543e-03,7.133813e+00,1.022450e+02,-1.271096e+02,-2.335422e+01,-2.188198e+01,-5.539108e-01,6.508883e-01,5.191604e-01,-7.321466e-01,-6.776947e-01,6.849445e-02,3.964145e-01,-3.421617e-01,8.519279e-01,1.849825e-01,1.484319e-01,3.754824e-01,-2.049446e-03,1.361728e-03,-9.746247e+00,
3.795301e-01,-1.442885e-01,4.592898e-01,-3.865651e+00,3.334893e+00,-8.306392e+00,3.591992e-03,-2.267978e-05,8.020913e-03,7.133537e+00,1.022560e+02,-1.271088e+02,-2.335402e+01,-2.188211e+01,-5.539011e-01,6.508974e-01,5.191591e-01,-7.321556e-01,-6.776845e-01,6.849794e-02,3.964112e-01,-3.421642e-01,8.519284e-01,1.840981e-01,1.493695e-01,3.759537e-01,-4.773140e-04,1.281679e-03,-9.749920e+00,
3.805498e-01,-1.487770e-01,4.581498e-01,-3.862345e+00,3.333968e+00,-8.310179e+00,3.817097e-03,-7.889646e-05,7.754301e-03,7.134449e+00,1.022600e+02,-1.271063e+02,-2.335365e+01,-2.187984e+01,-5.538707e-01,6.509492e-01,5.191270e-01,-7.321820e-01,-6.776516e-01,6.854317e-02,3.964053e-01,-3.421313e-01,8.519444e-01,1.815751e-01,1.507467e-01,3.765515e-01,-4.554272e-03,-9.354353e-04,-9.751520e+00,
3.796104e-01,-1.342487e-01,4.629077e-01,-3.861477e+00,3.332191e+00,-8.304038e+00,3.829561e-03,-5.754552e-06,7.709499e-03,7.134834e+00,1.022560e+02,-1.271100e+02,-2.335369e+01,-2.187811e+01,-5.539181e-01,6.509205e-01,5.191122e-01,-7.321456e-01,-6.776921e-01,6.853034e-02,3.964060e-01,-3.421055e-01,8.519543e-01,1.892098e-01,1.453262e-01,3.757620e-01,-2.794743e-03,-1.147389e-04,-9.745335e+00,
3.816274e-01,-1.454486e-01,4.581884e-01,-3.873330e+00,3.333905e+00,-8.296565e+00,3.772115e-03,8.630444e-05,7.898705e-03,7.134394e+00,1.022560e+02,-1.271145e+02,-2.335560e+01,-2.187759e+01,-5.539684e-01,6.508644e-01,5.191289e-01,-7.320910e-01,-6.777523e-01,6.851780e-02,3.964366e-01,-3.420928e-01,8.519452e-01,1.825665e-01,1.488756e-01,3.761294e-01,8.635998e-03,7.605255e-03,-9.744253e+00,
3.816881e-01,-1.376336e-01,4.593706e-01,-3.863374e+00,3.330163e+00,-8.296513e+00,3.707219e-03,5.708131e-04,7.806511e-03,7.133296e+00,1.022560e+02,-1.271219e+02,-2.335298e+01,-2.187652e+01,-5.540728e-01,6.507969e-01,5.191020e-01,-7.320347e-01,-6.778217e-01,6.843314e-02,3.963947e-01,-3.420837e-01,8.519684e-01,1.860443e-01,1.456169e-01,3.751335e-01,1.113415e-03,3.110468e-03,-9.738981e+00,
3.774562e-01,-1.397811e-01,4.628149e-01,-3.868986e+00,3.332770e+00,-8.301921e+00,3.575331e-03,-3.088353e-04,8.011009e-03,7.131368e+00,1.022560e+02,-1.271261e+02,-2.335589e+01,-2.187743e+01,-5.541146e-01,6.507282e-01,5.191435e-01,-7.319778e-01,-6.778846e-01,6.841855e-02,3.964412e-01,-3.420897e-01,8.519443e-01,1.877498e-01,1.485515e-01,3.763424e-01,2.700806e-03,4.773319e-03,-9.746706e+00,
3.806051e-01,-1.409599e-01,4.605471e-01,-3.870625e+00,3.335385e+00,-8.312551e+00,3.693809e-03,-5.442878e-04,7.944115e-03,7.129164e+00,1.022670e+02,-1.271216e+02,-2.335854e+01,-2.187687e+01,-5.540457e-01,6.507773e-01,5.191554e-01,-7.320070e-01,-6.778452e-01,6.849755e-02,3.964837e-01,-3.420746e-01,8.519307e-01,1.854824e-01,1.475639e-01,3.761604e-01,-4.100800e-04,3.060520e-03,-9.757307e+00,
3.795437e-01,-1.420561e-01,4.617178e-01,-3.869107e+00,3.336768e+00,-8.305964e+00,3.554255e-03,3.318276e-04,7.812641e-03,7.129280e+00,1.022560e+02,-1.271238e+02,-2.335742e+01,-2.187751e+01,-5.540795e-01,6.507487e-01,5.191554e-01,-7.319911e-01,-6.778665e-01,6.845616e-02,3.964657e-01,-3.420869e-01,8.519341e-01,1.857836e-01,1.485291e-01,3.767479e-01,3.105164e-03,1.674712e-03,-9.751568e+00,
3.827131e-01,-1.410042e-01,4.594425e-01,-3.870302e+00,3.336681e+00,-8.306692e+00,3.662718e-03,3.401638e-04,7.971390e-03,7.129046e+00,1.022670e+02,-1.271273e+02,-2.335689e+01,-2.187761e+01,-5.541266e-01,6.507081e-01,5.191560e-01,-7.319601e-01,-6.779040e-01,6.841695e-02,3.964573e-01,-3.420897e-01,8.519368e-01,1.844092e-01,1.465586e-01,3.761109e-01,3.373623e-03,2.638161e-03,-9.752631e+00,
3.774638e-01,-1.386604e-01,4.615858e-01,-3.866805e+00,3.341860e+00,-8.307848e+00,3.598055e-03,-2.008522e-04,7.749637e-03,7.129630e+00,1.022450e+02,-1.271244e+02,-2.335763e+01,-2.187897e+01,-5.540851e-01,6.507285e-01,5.191745e-01,-7.319849e-01,-6.778750e-01,6.843680e-02,3.964692e-01,-3.421080e-01,8.519238e-01,1.878145e-01,1.480378e-01,3.754582e-01,3.960133e-03,-3.483117e-03,-9.754000e+00,
3.795375e-01,-1.431789e-01,4.629487e-01,-3.860139e+00,3.333035e+00,-8.300015e+00,3.988165e-03,2.453336e-04,7.818907e-03,7.129999e+00,1.022450e+02,-1.271293e+02,-2.335562e+01,-2.187655e+01,-5.541567e-01,6.506991e-01,5.191349e-01,-7.319483e-01,-6.779187e-01,6.839664e-02,3.964369e-01,-3.420774e-01,8.519513e-01,1.857309e-01,1.490280e-01,3.776334e-01,-9.021759e-04,-1.798093e-03,-9.741667e+00,
3.816596e-01,-1.409838e-01,4.606065e-01,-3.866415e+00,3.333353e+00,-8.308364e+00,3.645727e-03,-3.675466e-04,8.007489e-03,7.129744e+00,1.022630e+02,-1.271301e+02,-2.335785e+01,-2.187632e+01,-5.541574e-01,6.506840e-01,5.191533e-01,-7.319283e-01,-6.779380e-01,6.841877e-02,3.964727e-01,-3.420682e-01,8.519384e-01,1.851494e-01,1.470745e-01,3.764562e-01,-1.752853e-03,1.683712e-03,-9.751376e+00,
3.795417e-01,-1.420486e-01,4.592710e-01,-3.866894e+00,3.338022e+00,-8.295556e+00,3.851383e-03,7.893067e-04,8.076261e-03,7.128849e+00,1.022560e+02,-1.271215e+02,-2.335453e+01,-2.187762e+01,-5.540621e-01,6.507854e-01,5.191279e-01,-7.320294e-01,-6.778266e-01,6.844154e-02,3.964194e-01,-3.420960e-01,8.519520e-01,1.849913e-01,1.484160e-01,3.754787e-01,8.380890e-03,3.195405e-04,-9.742250e+00,
3.785205e-01,-1.375526e-01,4.579653e-01,-3.866818e+00,3.332315e+00,-8.310062e+00,3.431023e-03,-4.016523e-04,8.010840e-03,7.128159e+00,1.022510e+02,-1.271161e+02,-2.335673e+01,-2.187849e+01,-5.539829e-01,6.508343e-01,5.191510e-01,-7.320701e-01,-6.777759e-01,6.850700e-02,3.964548e-01,-3.421032e-01,8.519325e-01,1.867170e-01,1.469755e-01,3.735950e-01,-3.241539e-03,2.921462e-03,-9.752626e+00,
3.817269e-01,-1.320529e-01,4.630027e-01,-3.863328e+00,3.336849e+00,-8.305952e+00,3.880020e-03,-3.067101e-04,8.064354e-03,7.127082e+00,1.022560e+02,-1.271143e+02,-2.335769e+01,-2.187815e+01,-5.539559e-01,6.508552e-01,5.191537e-01,-7.320823e-01,-6.777596e-01,6.853868e-02,3.964702e-01,-3.420958e-01,8.519285e-01,1.894245e-01,1.434735e-01,3.758495e-01,-1.468658e-04,-2.586424e-03,-9.749293e+00,
3.774213e-01,-1.431098e-01,4.579326e-01,-3.866356e+00,3.333273e+00,-8.304721e+00,3.482346e-03,-3.845954e-05,8.059288e-03,7.125408e+00,1.022670e+02,-1.271193e+02,-2.335724e+01,-2.187893e+01,-5.540225e-01,6.507899e-01,5.191644e-01,-7.320358e-01,-6.778160e-01,6.847829e-02,3.964629e-01,-3.421085e-01,8.519267e-01,1.848746e-01,1.497680e-01,3.744743e-01,-2.074242e-04,2.272248e-03,-9.748220e+00,
3.827065e-01,-1.409971e-01,4.594344e-01,-3.866529e+00,3.338650e+00,-8.304204e+00,3.824420e-03,-5.118162e-04,8.164879e-03,7.124380e+00,1.022560e+02,-1.271137e+02,-2.335931e+01,-2.188071e+01,-5.539420e-01,6.508329e-01,5.191965e-01,-7.320788e-01,-6.777639e-01,6.853269e-02,3.964960e-01,-3.421296e-01,8.519027e-01,1.844043e-01,1.465997e-01,3.760911e-01,3.221989e-03,-1.322508e-03,-9.749688e+00,
3.826991e-01,-1.421206e-01,4.618860e-01,-3.864531e+00,3.333626e+00,-8.307914e+00,3.693441e-03,3.864229e-04,7.820210e-03,7.123467e+00,1.022560e+02,-1.271171e+02,-2.335729e+01,-2.187933e+01,-5.539940e-01,6.508122e-01,5.191668e-01,-7.320569e-01,-6.777915e-01,6.849416e-02,3.964637e-01,-3.421143e-01,8.519239e-01,1.847318e-01,1.471583e-01,3.776155e-01,-2.701759e-03,5.100965e-04,-9.750338e+00,
3.795438e-01,-1.409262e-01,4.604792e-01,-3.863995e+00,3.334356e+00,-8.299523e+00,3.697041e-03,2.680910e-04,7.847738e-03,7.121424e+00,1.022510e+02,-1.271187e+02,-2.335511e+01,-2.187898e+01,-5.540241e-01,6.508037e-01,5.191453e-01,-7.320530e-01,-6.777993e-01,6.845753e-02,3.964288e-01,-3.421147e-01,8.519400e-01,1.858264e-01,1.480045e-01,3.758714e-01,2.099991e-03,4.598498e-04,-9.743227e+00,
3.805878e-01,-1.420660e-01,4.605425e-01,-3.864324e+00,3.336905e+00,-8.305984e+00,3.729851e-03,-1.024330e-04,8.026782e-03,7.119637e+00,1.022560e+02,-1.271191e+02,-2.335520e+01,-2.187918e+01,-5.540283e-01,6.507975e-01,5.191488e-01,-7.320491e-01,-6.778042e-01,6.845292e-02,3.964301e-01,-3.421175e-01,8.519384e-01,1.850392e-01,1.480105e-01,3.763971e-01,5.526543e-04,-1.462221e-03,-9.749735e+00,
3.806030e-01,-1.398246e-01,4.580841e-01,-3.864708e+00,3.336248e+00,-8.301711e+00,3.480876e-03,3.326139e-04,7.770210e-03,7.120327e+00,1.022510e+02,-1.271172e+02,-2.335412e+01,-2.188068e+01,-5.540088e-01,6.508099e-01,5.191538e-01,-7.320731e-01,-6.777794e-01,6.843951e-02,3.964129e-01,-3.421425e-01,8.519362e-01,1.851456e-01,1.469617e-01,3.746486e-01,2.481461e-03,-1.564026e-04,-9.746021e+00,
3.806457e-01,-1.342431e-01,4.592769e-01,-3.864340e+00,3.339937e+00,-8.304057e+00,3.678594e-03,-3.483561e-04,8.014480e-03,7.119648e+00,1.022670e+02,-1.271178e+02,-2.335486e+01,-2.188301e+01,-5.540132e-01,6.507793e-01,5.191876e-01,-7.320635e-01,-6.777924e-01,6.841531e-02,3.964247e-01,-3.421753e-01,8.519176e-01,1.877569e-01,1.446626e-01,3.741057e-01,3.093243e-03,-2.966523e-03,-9.749136e+00,
3.795262e-01,-1.431629e-01,4.617129e-01,-3.863673e+00,3.334496e+00,-8.302328e+00,3.652102e-03,3.833628e-04,7.723480e-03,7.118989e+00,1.022510e+02,-1.271259e+02,-2.335300e+01,-2.188194e+01,-5.541242e-01,6.506999e-01,5.191684e-01,-7.319954e-01,-6.778740e-01,6.833278e-02,3.963950e-01,-3.421641e-01,8.519357e-01,1.853599e-01,1.489453e-01,3.769869e-01,4.043579e-04,5.010962e-04,-9.745535e+00,
3.816297e-01,-1.432001e-01,4.593805e-01,-3.868031e+00,3.340092e+00,-8.299010e+00,3.626962e-03,-2.100782e-04,7.906752e-03,7.118351e+00,1.022510e+02,-1.271145e+02,-2.335530e+01,-2.188408e+01,-5.539688e-01,6.508074e-01,5.191997e-01,-7.320933e-01,-6.777579e-01,6.843811e-02,3.964318e-01,-3.421900e-01,8.519084e-01,1.838794e-01,1.479567e-01,3.762763e-01,7.681370e-03,1.716614e-05,-9.746353e+00,
3.805746e-01,-1.431719e-01,4.580983e-01,-3.865645e+00,3.337371e+00,-8.299480e+00,3.718604e-03,1.253374e-04,8.090463e-03,7.116924e+00,1.022670e+02,-1.271157e+02,-2.335447e+01,-2.188515e+01,-5.539878e-01,6.507862e-01,5.192059e-01,-7.320860e-01,-6.777691e-01,6.840461e-02,3.964185e-01,-3.422080e-01,8.519073e-01,1.838469e-01,1.483515e-01,3.753461e-01,4.295826e-03,2.952218e-04,-9.744875e+00,
3.774326e-01,-1.408747e-01,4.603579e-01,-3.863544e+00,3.329721e+00,-8.303721e+00,3.551756e-03,5.382515e-04,8.070754e-03,7.116796e+00,1.022630e+02,-1.271189e+02,-2.335165e+01,-2.188354e+01,-5.540409e-01,6.507727e-01,5.191663e-01,-7.320703e-01,-6.777905e-01,6.836082e-02,3.963733e-01,-3.421915e-01,8.519350e-01,1.865392e-01,1.488848e-01,3.752935e-01,-3.559113e-03,3.884017e-03,-9.745039e+00,
3.805822e-01,-1.420596e-01,4.605357e-01,-3.865247e+00,3.333971e+00,-8.300700e+00,3.711138e-03,-2.553766e-04,7.965451e-03,7.115949e+00,1.022510e+02,-1.271222e+02,-2.335371e+01,-2.188358e+01,-5.540745e-01,6.507260e-01,5.191892e-01,-7.320271e-01,-6.778378e-01,6.835493e-02,3.964063e-01,-3.421868e-01,8.519216e-01,1.850693e-01,1.479706e-01,3.763927e-01,1.502514e-03,2.180517e-03,-9.744595e+00,
3.795102e-01,-1.442678e-01,4.604874e-01,-3.870455e+00,3.336562e+00,-8.301613e+00,3.559555e-03,-2.622249e-04,7.739079e-03,7.113285e+00,1.022450e+02,-1.271196e+02,-2.335624e+01,-2.188424e+01,-5.540298e-01,6.507422e-01,5.192161e-01,-7.320388e-01,-6.778203e-01,6.840122e-02,3.964468e-01,-3.421900e-01,8.519013e-01,1.845438e-01,1.493866e-01,3.765594e-01,5.258560e-03,3.892839e-03,-9.748322e+00,
3.784965e-01,-1.386553e-01,4.591745e-01,-3.861483e+00,3.335602e+00,-8.303607e+00,3.634519e-03,-3.918799e-04,7.809713e-03,7.112164e+00,1.022510e+02,-1.271142e+02,-2.335752e+01,-2.188488e+01,-5.539555e-01,6.507958e-01,5.192285e-01,-7.320840e-01,-6.777659e-01,6.845781e-02,3.964674e-01,-3.421963e-01,8.518893e-01,1.867054e-01,1.474743e-01,3.744431e-01,-1.584053e-03,-2.273679e-03,-9.746136e+00,
3.816129e-01,-1.442990e-01,4.557106e-01,-3.873419e+00,3.336985e+00,-8.304058e+00,3.653791e-03,4.398249e-06,8.058134e-03,7.112565e+00,1.022630e+02,-1.271120e+02,-2.335968e+01,-2.188593e+01,-5.539185e-01,6.508045e-01,5.192571e-01,-7.320933e-01,-6.777526e-01,6.849091e-02,3.965020e-01,-3.422062e-01,8.518692e-01,1.822992e-01,1.482889e-01,3.745660e-01,5.342007e-03,5.301058e-03,-9.751727e+00,
3.785231e-01,-1.353057e-01,4.591582e-01,-3.863810e+00,3.332947e+00,-8.298459e+00,3.983210e-03,-3.632659e-04,8.005026e-03,7.112905e+00,1.022510e+02,-1.271105e+02,-2.336096e+01,-2.188446e+01,-5.538946e-01,6.508301e-01,5.192502e-01,-7.321001e-01,-6.777405e-01,6.853656e-02,3.965226e-01,-3.421811e-01,8.518697e-01,1.880301e-01,1.461010e-01,3.737245e-01,3.485680e-04,1.074910e-03,-9.741765e+00,
3.816536e-01,-1.398565e-01,4.630272e-01,-3.861298e+00,3.335787e+00,-8.308423e+00,3.512094e-03,-2.510319e-05,8.036560e-03,7.113030e+00,1.022630e+02,-1.271081e+02,-2.335910e+01,-2.188473e+01,-5.538718e-01,6.508628e-01,5.192337e-01,-7.321336e-01,-6.777047e-01,6.853302e-02,3.964927e-01,-3.421899e-01,8.518801e-01,1.863700e-01,1.467465e-01,3.774700e-01,-4.209995e-03,-3.093541e-03,-9.750230e+00,
3.795196e-01,-1.431523e-01,4.604830e-01,-3.870018e+00,3.338553e+00,-8.307986e+00,3.685323e-03,4.821509e-04,8.050277e-03,7.114012e+00,1.022510e+02,-1.271075e+02,-2.335697e+01,-2.188503e+01,-5.538720e-01,6.508758e-01,5.192171e-01,-7.321519e-01,-6.776872e-01,6.851041e-02,3.964586e-01,-3.421998e-01,8.518920e-01,1.849605e-01,1.489574e-01,3.763217e-01,2.830029e-03,1.762867e-03,-9.754261e+00,
3.774115e-01,-1.430978e-01,4.579203e-01,-3.869968e+00,3.331956e+00,-8.304217e+00,3.461506e-03,4.097950e-04,7.919635e-03,7.114872e+00,1.022630e+02,-1.271090e+02,-2.335541e+01,-2.188444e+01,-5.538988e-01,6.508681e-01,5.191984e-01,-7.321452e-01,-6.776970e-01,6.848444e-02,3.964335e-01,-3.421952e-01,8.519055e-01,1.848769e-01,1.497634e-01,3.744653e-01,6.985664e-04,6.612718e-03,-9.748774e+00,
3.826888e-01,-1.421063e-01,4.606516e-01,-3.862999e+00,3.331875e+00,-8.298648e+00,3.793110e-03,2.272380e-04,7.875676e-03,7.114059e+00,1.022630e+02,-1.271082e+02,-2.335446e+01,-2.188301e+01,-5.538917e-01,6.508947e-01,5.191725e-01,-7.321588e-01,-6.776810e-01,6.849799e-02,3.964183e-01,-3.421762e-01,8.519202e-01,1.843352e-01,1.471009e-01,3.769728e-01,-4.673004e-05,1.939774e-03,-9.741238e+00,
3.816148e-01,-1.443014e-01,4.557126e-01,-3.871918e+00,3.335108e+00,-8.304381e+00,3.638880e-03,-5.111193e-04,7.877636e-03,7.114213e+00,1.022740e+02,-1.271032e+02,-2.335887e+01,-2.188342e+01,-5.538104e-01,6.509334e-01,5.192109e-01,-7.321822e-01,-6.776466e-01,6.859012e-02,3.964891e-01,-3.421711e-01,8.518895e-01,1.822579e-01,1.483249e-01,3.745736e-01,3.516674e-03,5.326450e-03,-9.750766e+00,
3.837565e-01,-1.398870e-01,4.582502e-01,-3.866625e+00,3.333051e+00,-8.301215e+00,3.632064e-03,-1.999951e-04,7.954051e-03,7.112804e+00,1.022510e+02,-1.270964e+02,-2.336000e+01,-2.188317e+01,-5.537186e-01,6.510123e-01,5.192100e-01,-7.322419e-01,-6.775742e-01,6.866813e-02,3.965071e-01,-3.421645e-01,8.518838e-01,1.840867e-01,1.456639e-01,3.754897e-01,8.044243e-04,2.886176e-03,-9.745266e+00,
3.816513e-01,-1.398510e-01,4.618027e-01,-3.868725e+00,3.335565e+00,-8.300967e+00,3.854939e-03,-1.381358e-04,7.987224e-03,7.112731e+00,1.022630e+02,-1.270913e+02,-2.336141e+01,-2.188272e+01,-5.536470e-01,6.510719e-01,5.192114e-01,-7.322836e-01,-6.775221e-01,6.873673e-02,3.965297e-01,-3.421541e-01,8.518773e-01,1.859373e-01,1.467704e-01,3.768212e-01,3.644466e-03,2.503455e-03,-9.746748e+00,
3.795251e-01,-1.420318e-01,4.604727e-01,-3.868872e+00,3.332305e+00,-8.304632e+00,3.490744e-03,5.465489e-04,8.014820e-03,7.111291e+00,1.022470e+02,-1.270945e+02,-2.335905e+01,-2.188262e+01,-5.536984e-01,6.510430e-01,5.191931e-01,-7.322654e-01,-6.775475e-01,6.868047e-02,3.964919e-01,-3.421588e-01,8.518931e-01,1.853634e-01,1.485532e-01,3.760763e-01,-4.577637e-05,4.880071e-03,-9.748813e+00,
3.795651e-01,-1.364394e-01,4.579963e-01,-3.866105e+00,3.333497e+00,-8.311631e+00,3.464730e-03,-5.498404e-05,7.980394e-03,7.110156e+00,1.022580e+02,-1.270996e+02,-2.335858e+01,-2.188293e+01,-5.537648e-01,6.509821e-01,5.191984e-01,-7.322190e-01,-6.776030e-01,6.862554e-02,3.964844e-01,-3.421645e-01,8.518941e-01,1.868073e-01,1.460863e-01,3.736199e-01,-4.426003e-03,1.658022e-03,-9.754085e+00,
3.784685e-01,-1.420020e-01,4.591889e-01,-3.861130e+00,3.337727e+00,-8.303264e+00,3.767716e-03,4.275167e-04,8.107825e-03,7.109312e+00,1.022510e+02,-1.270945e+02,-2.335492e+01,-2.188309e+01,-5.537148e-01,6.510543e-01,5.191612e-01,-7.322888e-01,-6.775277e-01,6.862652e-02,3.964256e-01,-3.421763e-01,8.519168e-01,1.853116e-01,1.489377e-01,3.751585e-01,2.741814e-04,-3.764510e-03,-9.746432e+00,
3.827427e-01,-1.342819e-01,4.606033e-01,-3.868454e+00,3.341308e+00,-8.311069e+00,3.814339e-03,5.531632e-04,8.004781e-03,7.108351e+00,1.022630e+02,-1.270960e+02,-2.335221e+01,-2.188305e+01,-5.537453e-01,6.510466e-01,5.191383e-01,-7.322891e-01,-6.775319e-01,6.858122e-02,3.963823e-01,-3.421828e-01,8.519344e-01,1.873862e-01,1.438501e-01,3.753273e-01,2.892017e-03,-9.989738e-04,-9.757210e+00,
3.816465e-01,-1.398426e-01,4.605743e-01,-3.867285e+00,3.336821e+00,-8.298232e+00,3.806015e-03,-2.910633e-04,8.028096e-03,7.107746e+00,1.022510e+02,-1.270993e+02,-2.335405e+01,-2.188413e+01,-5.537796e-01,6.509913e-01,5.191710e-01,-7.322472e-01,-6.775792e-01,6.856051e-02,3.964117e-01,-3.421941e-01,8.519161e-01,1.855506e-01,1.466459e-01,3.762044e-01,5.664349e-03,1.917422e-03,-9.744275e+00,
3.795260e-01,-1.420443e-01,4.653623e-01,-3.865448e+00,3.330548e+00,-8.314313e+00,3.559042e-03,-5.594850e-05,8.129077e-03,7.108160e+00,1.022630e+02,-1.271023e+02,-2.335368e+01,-2.188225e+01,-5.538201e-01,6.509737e-01,5.191499e-01,-7.322198e-01,-6.776097e-01,6.855078e-02,3.964058e-01,-3.421671e-01,8.519297e-01,1.869119e-01,1.487122e-01,3.786562e-01,-7.513046e-03,3.593028e-03,-9.755100e+00,
3.806328e-01,-1.342352e-01,4.617055e-01,-3.867204e+00,3.335126e+00,-8.302830e+00,3.616950e-03,-1.921092e-04,7.934334e-03,7.105958e+00,1.022630e+02,-1.271013e+02,-2.335540e+01,-2.188317e+01,-5.537997e-01,6.509715e-01,5.191746e-01,-7.322204e-01,-6.776074e-01,6.856970e-02,3.964335e-01,-3.421763e-01,8.519133e-01,1.884991e-01,1.448235e-01,3.753677e-01,2.110004e-03,2.417088e-03,-9.747581e+00,
3.816152e-01,-1.431752e-01,4.556971e-01,-3.868140e+00,3.334868e+00,-8.296833e+00,3.528877e-03,4.489617e-04,7.887620e-03,7.105445e+00,1.022580e+02,-1.271063e+02,-2.335398e+01,-2.188381e+01,-5.538697e-01,6.509114e-01,5.191751e-01,-7.321796e-01,-6.776584e-01,6.849988e-02,3.964107e-01,-3.421894e-01,8.519185e-01,1.826934e-01,1.478188e-01,3.743483e-01,5.639553e-03,3.939748e-03,-9.742754e+00,
3.795984e-01,-1.319771e-01,4.604157e-01,-3.863564e+00,3.334555e+00,-8.306798e+00,3.667893e-03,-9.346904e-05,7.701539e-03,7.106954e+00,1.022740e+02,-1.271060e+02,-2.335477e+01,-2.188297e+01,-5.538629e-01,6.509192e-01,5.191724e-01,-7.321777e-01,-6.776580e-01,6.852166e-02,3.964234e-01,-3.421749e-01,8.519183e-01,1.893498e-01,1.442773e-01,3.739708e-01,-2.249718e-03,-6.806850e-05,-9.749321e+00,
3.784947e-01,-1.386639e-01,4.640601e-01,-3.866570e+00,3.333964e+00,-8.299811e+00,3.651864e-03,-1.122854e-04,8.040495e-03,7.106617e+00,1.022630e+02,-1.271031e+02,-2.335626e+01,-2.188346e+01,-5.538200e-01,6.509436e-01,5.191879e-01,-7.321976e-01,-6.776330e-01,6.855950e-02,3.964472e-01,-3.421785e-01,8.519059e-01,1.882168e-01,1.477204e-01,3.770038e-01,2.444744e-03,2.858758e-03,-9.744360e+00,
3.795524e-01,-1.375571e-01,4.604411e-01,-3.873016e+00,3.336472e+00,-8.303741e+00,3.642018e-03,-1.158226e-04,8.073601e-03,7.104867e+00,1.022630e+02,-1.271025e+02,-2.335841e+01,-2.188423e+01,-5.538030e-01,6.509364e-01,5.192152e-01,-7.321918e-01,-6.776371e-01,6.858163e-02,3.964816e-01,-3.421843e-01,8.518876e-01,1.871583e-01,1.466427e-01,3.751283e-01,5.290508e-03,5.388975e-03,-9.751122e+00,
3.763666e-01,-1.408401e-01,4.615061e-01,-3.865834e+00,3.334493e+00,-8.306540e+00,3.493683e-03,3.883807e-06,7.905325e-03,7.103619e+00,1.022580e+02,-1.271040e+02,-2.335851e+01,-2.188440e+01,-5.538220e-01,6.509163e-01,5.192198e-01,-7.321764e-01,-6.776550e-01,6.856696e-02,3.964832e-01,-3.421866e-01,8.518858e-01,1.872742e-01,1.494775e-01,3.755985e-01,-1.460552e-03,1.282096e-03,-9.749980e+00,
3.816073e-01,-1.443015e-01,4.593698e-01,-3.869716e+00,3.334373e+00,-8.304774e+00,3.573046e-03,-3.441192e-04,8.072168e-03,7.104137e+00,1.022740e+02,-1.271073e+02,-2.336115e+01,-2.188515e+01,-5.538530e-01,6.508611e-01,5.192559e-01,-7.321301e-01,-6.777058e-01,6.855962e-02,3.965255e-01,-3.421909e-01,8.518643e-01,1.834548e-01,1.484725e-01,3.764720e-01,1.164913e-03,4.039109e-03,-9.749974e+00,
3.795108e-01,-1.431457e-01,4.616941e-01,-3.863043e+00,3.330046e+00,-8.303077e+00,3.769065e-03,-2.250752e-04,7.937949e-03,7.104853e+00,1.022740e+02,-1.271118e+02,-2.336176e+01,-2.188222e+01,-5.539078e-01,6.508325e-01,5.192334e-01,-7.320834e-01,-6.777562e-01,6.856090e-02,3.965353e-01,-3.421457e-01,8.518780e-01,1.853657e-01,1.490344e-01,3.769343e-01,-4.163265e-03,1.844108e-03,-9.744402e+00,
3.805827e-01,-1.409398e-01,4.629642e-01,-3.861622e+00,3.334242e+00,-8.304564e+00,3.605705e-03,-3.424785e-04,8.058834e-03,7.104655e+00,1.022700e+02,-1.271157e+02,-2.336235e+01,-2.188302e+01,-5.539548e-01,6.507773e-01,5.192524e-01,-7.320427e-01,-6.778039e-01,6.852330e-02,3.965447e-01,-3.421561e-01,8.518694e-01,1.863037e-01,1.476760e-01,3.773926e-01,-3.152847e-03,-2.146423e-03,-9.746541e+00,
3.816506e-01,-1.387183e-01,4.593413e-01,-3.865569e+00,3.335864e+00,-8.300162e+00,3.730949e-03,2.385537e-04,7.904701e-03,7.104690e+00,1.022470e+02,-1.271118e+02,-2.336119e+01,-2.188328e+01,-5.539100e-01,6.508250e-01,5.192404e-01,-7.320865e-01,-6.777546e-01,6.854169e-02,3.965262e-01,-3.421630e-01,8.518753e-01,1.856607e-01,1.461258e-01,3.752974e-01,2.461910e-03,1.267195e-04,-9.744912e+00,
3.805910e-01,-1.398138e-01,4.592916e-01,-3.868447e+00,3.333483e+00,-8.305442e+00,3.501728e-03,1.680329e-04,7.817507e-03,7.106107e+00,1.022470e+02,-1.271128e+02,-2.336108e+01,-2.188297e+01,-5.539228e-01,6.508170e-01,5.192370e-01,-7.320780e-01,-6.777647e-01,6.853540e-02,3.965244e-01,-3.421586e-01,8.518779e-01,1.855678e-01,1.470529e-01,3.752444e-01,-1.840591e-04,3.470838e-03,-9.749737e+00,
3.816346e-01,-1.409529e-01,4.593540e-01,-3.861357e+00,3.335386e+00,-8.299537e+00,3.707088e-03,4.413334e-04,8.055642e-03,7.106079e+00,1.022630e+02,-1.271163e+02,-2.335797e+01,-2.188308e+01,-5.539804e-01,6.507857e-01,5.192145e-01,-7.320613e-01,-6.777897e-01,6.846544e-02,3.964746e-01,-3.421683e-01,8.518971e-01,1.847757e-01,1.470323e-01,3.757822e-01,4.973412e-04,-2.171636e-03,-9.742544e+00,
3.806196e-01,-1.353377e-01,4.580393e-01,-3.864350e+00,3.334111e+00,-8.299815e+00,3.512405e-03,-2.438761e-04,8.209663e-03,7.103610e+00,1.022470e+02,-1.271127e+02,-2.335877e+01,-2.188474e+01,-5.539312e-01,6.508103e-01,5.192364e-01,-7.320916e-01,-6.777548e-01,6.848778e-02,3.964874e-01,-3.421910e-01,8.518822e-01,1.869471e-01,1.451061e-01,3.736650e-01,8.921623e-04,9.124279e-04,-9.743534e+00,
3.795217e-01,-1.408961e-01,4.580083e-01,-3.860137e+00,3.338062e+00,-8.305996e+00,3.619019e-03,3.719612e-05,7.978192e-03,7.101529e+00,1.022700e+02,-1.271136e+02,-2.335652e+01,-2.188610e+01,-5.539522e-01,6.507953e-01,5.192326e-01,-7.320951e-01,-6.777559e-01,6.843695e-02,3.964514e-01,-3.422168e-01,8.518884e-01,1.850927e-01,1.478873e-01,3.745562e-01,-2.017498e-03,-4.841030e-03,-9.748480e+00,
3.785122e-01,-1.352989e-01,4.615883e-01,-3.864998e+00,3.335260e+00,-8.305602e+00,3.722680e-03,1.978788e-04,8.001165e-03,7.100290e+00,1.022580e+02,-1.271159e+02,-2.335510e+01,-2.188544e+01,-5.539881e-01,6.507785e-01,5.192151e-01,-7.320802e-01,-6.777750e-01,6.840657e-02,3.964286e-01,-3.422107e-01,8.519015e-01,1.888068e-01,1.461520e-01,3.750129e-01,-7.152557e-04,7.748008e-04,-9.749113e+00,
3.826779e-01,-1.420989e-01,4.630817e-01,-3.866812e+00,3.336843e+00,-8.305718e+00,3.537283e-03,1.649112e-04,7.951473e-03,7.100218e+00,1.022580e+02,-1.271189e+02,-2.335456e+01,-2.188630e+01,-5.540283e-01,6.507379e-01,5.192236e-01,-7.320548e-01,-6.778071e-01,6.836309e-02,3.964199e-01,-3.422250e-01,8.519000e-01,1.851629e-01,1.471545e-01,3.782350e-01,1.208305e-03,1.178086e-03,-9.750473e+00,
3.827012e-01,-1.387381e-01,4.593958e-01,-3.870158e+00,3.336270e+00,-8.300333e+00,3.506156e-03,3.926740e-04,7.871038e-03,7.100865e+00,1.022700e+02,-1.271205e+02,-2.335372e+01,-2.188693e+01,-5.540527e-01,6.507156e-01,5.192253e-01,-7.320434e-01,-6.778226e-01,6.833082e-02,3.964065e-01,-3.422365e-01,8.519015e-01,1.853271e-01,1.455794e-01,3.756118e-01,5.492210e-03,4.556298e-03,-9.747016e+00,
3.816155e-01,-1.431951e-01,4.642515e-01,-3.861723e+00,3.335356e+00,-8.303493e+00,3.821947e-03,4.232898e-04,7.973822e-03,7.100486e+00,1.022700e+02,-1.271234e+02,-2.335134e+01,-2.188592e+01,-5.540989e-01,6.506999e-01,5.191957e-01,-7.320291e-01,-6.778422e-01,6.828880e-02,3.963683e-01,-3.422276e-01,8.519229e-01,1.854554e-01,1.481067e-01,3.788313e-01,-1.045704e-03,-9.874701e-04,-9.746052e+00,
3.816309e-01,-1.409571e-01,4.630156e-01,-3.869735e+00,3.338253e+00,-8.306492e+00,3.389494e-03,8.347301e-04,7.767206e-03,7.099294e+00,1.022580e+02,-1.271269e+02,-2.334834e+01,-2.188679e+01,-5.541562e-01,6.506613e-01,5.191829e-01,-7.320119e-01,-6.778687e-01,6.821118e-02,3.963202e-01,-3.422484e-01,8.519369e-01,1.859520e-01,1.470861e-01,3.777306e-01,3.921032e-03,3.199279e-03,-9.752773e+00,
3.774157e-01,-1.408554e-01,4.603370e-01,-3.866241e+00,3.335490e+00,-8.298902e+00,3.444385e-03,4.713796e-04,7.893977e-03,7.100410e+00,1.022580e+02,-1.271314e+02,-2.334636e+01,-2.188783e+01,-5.542228e-01,6.506051e-01,5.191824e-01,-7.319787e-01,-6.779125e-01,6.813407e-02,3.962885e-01,-3.422689e-01,8.519434e-01,1.865826e-01,1.487941e-01,3.752918e-01,4.202366e-03,3.397822e-03,-9.743977e+00,
3.805734e-01,-1.409202e-01,4.592862e-01,-3.863409e+00,3.335911e+00,-8.299541e+00,3.544161e-03,-4.389966e-04,8.125816e-03,7.099082e+00,1.022650e+02,-1.271288e+02,-2.334916e+01,-2.188943e+01,-5.541775e-01,6.506116e-01,5.192226e-01,-7.319887e-01,-6.778978e-01,6.817225e-02,3.963334e-01,-3.422855e-01,8.519159e-01,1.851622e-01,1.473746e-01,3.755111e-01,2.087593e-03,7.671118e-04,-9.743544e+00,
3.805798e-01,-1.398006e-01,4.592775e-01,-3.868706e+00,3.338195e+00,-8.300822e+00,3.675282e-03,-9.455797e-06,8.024677e-03,7.096657e+00,1.022580e+02,-1.271267e+02,-2.335020e+01,-2.189066e+01,-5.541468e-01,6.506211e-01,5.192434e-01,-7.320029e-01,-6.778808e-01,6.818861e-02,3.963500e-01,-3.423011e-01,8.519019e-01,1.856100e-01,1.469119e-01,3.752678e-01,5.583763e-03,2.983749e-03,-9.747517e+00,
3.816260e-01,-1.409513e-01,4.630092e-01,-3.862466e+00,3.334209e+00,-8.301785e+00,3.544953e-03,-2.076668e-04,8.027680e-03,7.094036e+00,1.022700e+02,-1.271236e+02,-2.335040e+01,-2.189164e+01,-5.541061e-01,6.506485e-01,5.192526e-01,-7.320319e-01,-6.778475e-01,6.820776e-02,3.963533e-01,-3.423151e-01,8.518947e-01,1.859822e-01,1.470831e-01,3.777120e-01,-1.109600e-03,1.116633e-03,-9.744499e+00,
3.795134e-01,-1.408894e-01,4.592200e-01,-3.866601e+00,3.337966e+00,-8.305842e+00,3.509475e-03,5.149065e-04,8.188879e-03,7.092393e+00,1.022700e+02,-1.271226e+02,-2.334777e+01,-2.189276e+01,-5.541043e-01,6.506596e-01,5.192406e-01,-7.320560e-01,-6.778250e-01,6.817237e-02,3.963112e-01,-3.423386e-01,8.519049e-01,1.855116e-01,1.478314e-01,3.752148e-01,1.648903e-03,1.782596e-03,-9.750879e+00,
3.805665e-01,-1.409153e-01,4.604997e-01,-3.870308e+00,3.341042e+00,-8.303172e+00,3.751567e-03,8.640924e-05,8.036414e-03,7.090314e+00,1.022650e+02,-1.271164e+02,-2.334875e+01,-2.189366e+01,-5.540210e-01,6.507213e-01,5.192521e-01,-7.321107e-01,-6.777602e-01,6.822953e-02,3.963268e-01,-3.423494e-01,8.518933e-01,1.855441e-01,1.474435e-01,3.761402e-01,6.879807e-03,2.546430e-03,-9.751127e+00,
3.805774e-01,-1.398045e-01,4.617188e-01,-3.861495e+00,3.332230e+00,-8.305268e+00,3.508764e-03,-4.493021e-04,8.027125e-03,7.090730e+00,1.022650e+02,-1.271126e+02,-2.335006e+01,-2.189368e+01,-5.539664e-01,6.507615e-01,5.192596e-01,-7.321404e-01,-6.777228e-01,6.827959e-02,3.963478e-01,-3.423463e-01,8.518846e-01,1.863675e-01,1.470471e-01,3.765413e-01,-4.965305e-03,1.747787e-03,-9.746401e+00,
3.795066e-01,-1.420079e-01,4.592277e-01,-3.867500e+00,3.330739e+00,-8.305734e+00,3.662695e-03,-4.947880e-05,8.008420e-03,7.092773e+00,1.022580e+02,-1.271127e+02,-2.335171e+01,-2.189128e+01,-5.539608e-01,6.507764e-01,5.192472e-01,-7.321305e-01,-6.777290e-01,6.832676e-02,3.963743e-01,-3.423064e-01,8.518884e-01,1.850512e-01,1.483598e-01,3.754376e-01,-2.719879e-03,6.672442e-03,-9.748669e+00,
3.794886e-01,-1.442430e-01,4.604605e-01,-3.870026e+00,3.335001e+00,-8.303609e+00,3.425795e-03,4.261984e-04,8.179193e-03,7.092298e+00,1.022700e+02,-1.271152e+02,-2.335031e+01,-2.189249e+01,-5.539994e-01,6.507403e-01,5.192514e-01,-7.321135e-01,-6.777528e-01,6.827258e-02,3.963518e-01,-3.423280e-01,8.518903e-01,1.845659e-01,1.493272e-01,3.765513e-01,2.551079e-03,6.083548e-03,-9.749320e+00,
3.806085e-01,-1.353338e-01,4.616917e-01,-3.862817e+00,3.330891e+00,-8.302282e+00,3.503075e-03,-4.464129e-04,8.204154e-03,7.090009e+00,1.022580e+02,-1.271122e+02,-2.335187e+01,-2.189297e+01,-5.539544e-01,6.507657e-01,5.192673e-01,-7.321339e-01,-6.777267e-01,6.831263e-02,3.963768e-01,-3.423311e-01,8.518772e-01,1.881350e-01,1.451876e-01,3.755894e-01,-3.649712e-03,3.514171e-03,-9.743923e+00,
3.795601e-01,-1.341843e-01,4.591789e-01,-3.864474e+00,3.342043e+00,-8.302391e+00,3.455078e-03,-2.077362e-04,8.014972e-03,7.088069e+00,1.022540e+02,-1.271081e+02,-2.335271e+01,-2.189579e+01,-5.538987e-01,6.507857e-01,5.193020e-01,-7.321690e-01,-6.776875e-01,6.832629e-02,3.963902e-01,-3.423709e-01,8.518552e-01,1.881589e-01,1.450792e-01,3.737740e-01,4.032612e-03,-2.684236e-03,-9.748492e+00,
3.826645e-01,-1.420842e-01,4.630658e-01,-3.869243e+00,3.337952e+00,-8.301233e+00,3.354122e-03,7.825950e-04,7.876325e-03,7.088059e+00,1.022650e+02,-1.271128e+02,-2.334974e+01,-2.189709e+01,-5.539706e-01,6.507292e-01,5.192958e-01,-7.321400e-01,-6.777280e-01,6.823346e-02,3.963428e-01,-3.423979e-01,8.518663e-01,1.851966e-01,1.470947e-01,3.782294e-01,4.754543e-03,4.182458e-03,-9.747995e+00,
3.816067e-01,-1.420476e-01,4.593361e-01,-3.863089e+00,3.336241e+00,-8.302636e+00,3.574317e-03,4.063977e-05,7.835849e-03,7.086773e+00,1.022650e+02,-1.271121e+02,-2.334817e+01,-2.189756e+01,-5.539675e-01,6.507397e-01,5.192860e-01,-7.321560e-01,-6.777125e-01,6.821612e-02,3.963175e-01,-3.424089e-01,8.518736e-01,1.843772e-01,1.473904e-01,3.760215e-01,-3.929138e-04,9.980202e-04,-9.746165e+00,
3.805690e-01,-1.397861e-01,4.580425e-01,-3.866736e+00,3.337335e+00,-8.299255e+00,3.726926e-03,4.725159e-04,7.748044e-03,7.086273e+00,1.022540e+02,-1.271152e+02,-2.334702e+01,-2.189650e+01,-5.540133e-01,6.507154e-01,5.192674e-01,-7.321314e-01,-6.777420e-01,6.818590e-02,3.962990e-01,-3.423961e-01,8.518872e-01,1.852180e-01,1.468509e-01,3.746238e-01,4.344940e-03,3.214180e-03,-9.745104e+00,
3.816177e-01,-1.409412e-01,4.629992e-01,-3.866329e+00,3.332713e+00,-8.300467e+00,3.471890e-03,2.447540e-04,8.029449e-03,7.086150e+00,1.022580e+02,-1.271148e+02,-2.334668e+01,-2.189672e+01,-5.540093e-01,6.507196e-01,5.192665e-01,-7.321373e-01,-6.777360e-01,6.818311e-02,3.962937e-01,-3.424003e-01,8.518882e-01,1.859782e-01,1.470660e-01,3.777126e-01,4.897118e-04,6.032348e-03,-9.744394e+00,
3.794971e-01,-1.419977e-01,4.592162e-01,-3.867615e+00,3.334502e+00,-8.301182e+00,3.280342e-03,5.211839e-05,7.812418e-03,7.084634e+00,1.022540e+02,-1.271139e+02,-2.334776e+01,-2.189815e+01,-5.539921e-01,6.507143e-01,5.192912e-01,-7.321407e-01,-6.777316e-01,6.818804e-02,3.963110e-01,-3.424186e-01,8.518725e-01,1.850822e-01,1.483012e-01,3.754365e-01,1.706123e-03,5.699039e-03,-9.746122e+00,
3.784328e-01,-1.430821e-01,4.567170e-01,-3.863152e+00,3.338362e+00,-8.307388e+00,3.718963e-03,-2.022382e-04,8.115740e-03,7.084146e+00,1.022700e+02,-1.271089e+02,-2.334783e+01,-2.189834e+01,-5.539284e-01,6.507713e-01,5.192881e-01,-7.321886e-01,-6.776757e-01,6.823154e-02,3.963120e-01,-3.424214e-01,8.518712e-01,1.842034e-01,1.491408e-01,3.740993e-01,-1.507759e-03,-5.974770e-04,-9.750965e+00,
3.805678e-01,-1.397903e-01,4.604848e-01,-3.864619e+00,3.332385e+00,-8.301921e+00,3.611880e-03,4.147127e-06,7.996953e-03,7.083119e+00,1.022650e+02,-1.271044e+02,-2.334807e+01,-2.189712e+01,-5.538706e-01,6.508340e-01,5.192711e-01,-7.322302e-01,-6.776250e-01,6.828913e-02,3.963160e-01,-3.424026e-01,8.518769e-01,1.859746e-01,1.469930e-01,3.758959e-01,-1.619816e-03,4.752457e-03,-9.744842e+00,
3.795012e-01,-1.408706e-01,4.567608e-01,-3.861003e+00,3.333401e+00,-8.306190e+00,3.566939e-03,6.302505e-04,8.010025e-03,7.082395e+00,1.022650e+02,-1.271080e+02,-2.334384e+01,-2.189559e+01,-5.539343e-01,6.508206e-01,5.192200e-01,-7.322187e-01,-6.776438e-01,6.822449e-02,3.962481e-01,-3.423907e-01,8.519132e-01,1.847033e-01,1.477389e-01,3.739359e-01,-4.552364e-03,1.554787e-03,-9.747395e+00,
3.805489e-01,-1.420217e-01,4.604941e-01,-3.867949e+00,3.334743e+00,-8.302875e+00,3.508379e-03,2.660438e-04,8.018327e-03,7.080615e+00,1.022540e+02,-1.271118e+02,-2.334375e+01,-2.189537e+01,-5.539823e-01,6.507789e-01,5.192212e-01,-7.321834e-01,-6.776855e-01,6.819226e-02,3.962468e-01,-3.423878e-01,8.519152e-01,1.850848e-01,1.478917e-01,3.763839e-01,1.925945e-03,5.949140e-03,-9.747782e+00,
3.784233e-01,-1.442089e-01,4.616097e-01,-3.861357e+00,3.334672e+00,-8.301935e+00,3.787540e-03,5.735393e-04,8.060424e-03,7.079322e+00,1.022700e+02,-1.271152e+02,-2.333964e+01,-2.189363e+01,-5.540427e-01,6.507694e-01,5.191686e-01,-7.321731e-01,-6.777023e-01,6.813334e-02,3.961808e-01,-3.423725e-01,8.519518e-01,1.852716e-01,1.497782e-01,3.769276e-01,-6.442070e-04,1.628160e-03,-9.744345e+00,
3.805705e-01,-1.386613e-01,4.580280e-01,-3.870756e+00,3.334541e+00,-8.298652e+00,3.670641e-03,1.691071e-04,8.017193e-03,7.079221e+00,1.022540e+02,-1.271140e+02,-2.334146e+01,-2.189359e+01,-5.540205e-01,6.507767e-01,5.191831e-01,-7.321742e-01,-6.776980e-01,6.816585e-02,3.962100e-01,-3.423671e-01,8.519405e-01,1.856198e-01,1.463715e-01,3.744054e-01,6.000042e-03,8.571267e-03,-9.745227e+00,
3.805305e-01,-1.442535e-01,4.605042e-01,-3.866211e+00,3.337011e+00,-8.302660e+00,3.707694e-03,-3.588522e-04,7.993508e-03,7.079353e+00,1.022650e+02,-1.271097e+02,-2.334411e+01,-2.189388e+01,-5.539550e-01,6.508149e-01,5.192051e-01,-7.322007e-01,-6.776625e-01,6.823239e-02,3.962525e-01,-3.423647e-01,8.519216e-01,1.841908e-01,1.488437e-01,3.768532e-01,2.699852e-03,2.964854e-03,-9.747685e+00,
3.805559e-01,-1.409089e-01,4.629304e-01,-3.868886e+00,3.334777e+00,-8.296683e+00,3.624954e-03,4.977235e-04,7.766229e-03,7.079050e+00,1.022650e+02,-1.271105e+02,-2.334476e+01,-2.189329e+01,-5.539620e-01,6.508090e-01,5.192052e-01,-7.321899e-01,-6.776736e-01,6.824031e-02,3.962630e-01,-3.423542e-01,8.519211e-01,1.862912e-01,1.475475e-01,3.774228e-01,5.838394e-03,6.700754e-03,-9.742891e+00,
3.837179e-01,-1.409813e-01,4.631074e-01,-3.867162e+00,3.333764e+00,-8.307795e+00,3.582675e-03,1.894415e-04,8.050319e-03,7.078308e+00,1.022650e+02,-1.271097e+02,-2.334465e+01,-2.189239e+01,-5.539522e-01,6.508271e-01,5.191930e-01,-7.321982e-01,-6.776628e-01,6.825684e-02,3.962611e-01,-3.423411e-01,8.519271e-01,1.852365e-01,1.461713e-01,3.783004e-01,-1.422882e-03,5.297661e-03,-9.751326e+00,
3.806229e-01,-1.319710e-01,4.616601e-01,-3.872312e+00,3.337395e+00,-8.298649e+00,3.679142e-03,1.064069e-04,8.205267e-03,7.077999e+00,1.022610e+02,-1.271067e+02,-2.334604e+01,-2.189297e+01,-5.539075e-01,6.508527e-01,5.192085e-01,-7.322200e-01,-6.776356e-01,6.829405e-02,3.962835e-01,-3.423462e-01,8.519148e-01,1.894254e-01,1.437699e-01,3.748936e-01,8.326530e-03,7.097781e-03,-9.746819e+00,
3.784445e-01,-1.408459e-01,4.579206e-01,-3.862781e+00,3.333664e+00,-8.306544e+00,3.651685e-03,-4.294812e-05,8.024368e-03,7.077804e+00,1.022650e+02,-1.270996e+02,-2.334622e+01,-2.189246e+01,-5.538166e-01,6.509402e-01,5.191959e-01,-7.322873e-01,-6.775557e-01,6.836611e-02,3.962863e-01,-3.423382e-01,8.519167e-01,1.854110e-01,1.483068e-01,3.742734e-01,-3.435135e-03,2.036572e-03,-9.748491e+00,
