MagX, MagY, MagZ, AccX, AccY, AccZ, GyroX, GyroY, GyroZ, Temp, Pres, Yaw, Pitch, Roll, DCM1, DCM2, DCM3, DCM4, DCM5, DCM6, DCM7, DCM8, DCM9, MagNED1, MagNED2, MagNED3, AccNED1, AccNED2, ACCNED3, 
2.627017e-01,6.206728e-01,1.467716e-01,-6.121064e-01,-7.914128e+00,-1.727863e+00,-3.893154e-01,9.247290e-04,1.675018e+00,1.588391e+01,1.022160e+02,1.308581e+02,-2.169484e+00,7.689832e+01,-6.537190e-01,-1.473250e-01,7.422580e-01,7.557899e-01,-1.761772e-01,6.306689e-01,3.785560e-02,9.732713e-01,2.265172e-01,2.287519e-01,-2.167937e-02,4.312866e-01,2.835748e-01,-1.580443e-01,-8.117155e+00,
3.559877e-01,6.035905e-01,1.633868e-01,-3.430412e-01,-6.955727e+00,-1.333094e+00,-2.314919e-01,-1.770236e-01,1.693781e+00,1.588400e+01,1.022120e+02,1.322364e+02,-1.180271e+01,7.540852e+01,-6.579797e-01,-5.346292e-02,7.511355e-01,7.247242e-01,-3.158963e-01,6.123597e-01,2.045423e-01,9.472863e-01,2.465992e-01,2.358346e-01,-1.998760e-02,4.060411e-01,-4.037462e-01,1.132345e+00,-6.987971e+00,
4.155723e-01,5.838429e-01,1.680588e-01,3.546828e-01,-1.146624e+01,-2.472476e+00,-2.797193e-01,-6.202886e-01,1.153921e+00,1.588250e+01,1.022240e+02,1.304013e+02,-1.907456e+01,7.432208e+01,-6.125502e-01,-1.856357e-03,7.904297e-01,7.197120e-01,-4.147515e-01,5.567729e-01,3.267983e-01,9.099329e-01,2.553921e-01,2.397056e-01,-3.544240e-02,3.856132e-01,-2.150294e+00,3.634301e+00,-1.094905e+01,
3.992949e-01,5.841567e-01,1.860940e-01,2.988350e-01,-1.353214e+01,-3.815820e+00,-5.953102e-01,-3.313261e-01,-5.817022e-01,1.588007e+01,1.022160e+02,1.273946e+02,-1.640914e+01,7.185114e+01,-5.825649e-01,-8.444339e-02,8.083857e-01,7.621122e-01,-4.024347e-01,5.071799e-01,2.824945e-01,9.115458e-01,2.987997e-01,2.292116e-01,-4.849692e-02,4.006244e-01,-2.116046e+00,3.738242e+00,-1.339091e+01,
3.341773e-01,5.890306e-01,1.988807e-01,-2.716855e-01,-1.148698e+01,-3.248506e+00,-2.549015e-01,2.321165e-02,-1.220595e+00,1.587803e+01,1.022120e+02,1.252247e+02,-9.703037e+00,7.086607e+01,-5.685335e-01,-1.759185e-01,8.036308e-01,8.052102e-01,-3.191319e-01,4.997914e-01,1.685416e-01,9.312398e-01,3.230885e-01,2.250208e-01,-5.475366e-02,4.196046e-01,-4.353657e-01,1.823521e+00,-1.179248e+01,
2.909270e-01,6.188685e-01,1.521276e-01,-5.598709e-01,-8.302389e+00,-2.209130e+00,9.923481e-01,1.351292e-01,-8.095465e-01,1.587791e+01,1.022160e+02,1.246279e+02,-4.996079e+00,7.659901e+01,-5.660858e-01,-1.425700e-01,8.119241e-01,8.197333e-01,-2.014086e-01,5.361641e-01,8.708757e-02,9.690761e-01,2.308840e-01,2.274877e-01,-4.725109e-02,4.248486e-01,-2.930387e-01,2.877188e-02,-8.604457e+00,
2.465007e-01,6.360464e-01,1.180108e-01,-5.899910e-01,-5.144408e+00,-9.825234e-01,6.420991e-01,-1.942737e-01,-7.854431e-01,1.587581e+01,1.022240e+02,1.226441e+02,-7.519503e-01,8.034603e+01,-5.393721e-01,-1.342286e-01,8.313004e-01,8.419653e-01,-1.013531e-01,5.299264e-01,1.312363e-02,9.857537e-01,1.676829e-01,2.277043e-01,-5.150983e-02,4.318935e-01,1.919792e-01,-4.960151e-01,-5.243615e+00,
1.921809e-01,6.361710e-01,9.607647e-02,-6.899444e-01,-7.348510e+00,-1.853454e+00,1.947177e-01,-2.653934e-01,-9.443352e-01,1.587485e+01,1.022160e+02,1.203102e+02,4.407213e+00,8.136576e+01,-5.031897e-01,-1.679473e-01,8.476993e-01,8.607527e-01,-1.017749e-02,5.089217e-01,-7.684454e-02,9.857435e-01,1.496822e-01,2.185018e-01,-6.215083e-02,4.430884e-01,1.016307e-02,-1.462345e+00,-7.468157e+00,
1.574787e-01,6.415128e-01,1.092768e-01,-5.201640e-01,-1.056715e+01,-2.818186e+00,-1.479055e-01,-2.005515e-03,-5.436842e-01,1.587470e+01,1.022120e+02,1.197977e+02,7.526700e+00,8.044849e+01,-4.926572e-01,-2.081859e-01,8.449543e-01,8.603088e-01,2.963479e-02,5.089114e-01,-1.309882e-01,9.776403e-01,1.645044e-01,2.180389e-01,-6.164542e-02,4.618648e-01,7.495594e-02,-2.194864e+00,-1.072634e+01,
1.541884e-01,6.369771e-01,1.129100e-01,-4.062209e-01,-1.374751e+01,-2.936795e+00,-1.670155e-02,-7.312621e-02,7.272524e-03,1.587285e+01,1.022120e+02,1.193847e+02,7.456987e+00,8.027554e+01,-4.865211e-01,-2.099442e-01,8.480690e-01,8.639758e-01,2.858062e-02,5.027218e-01,-1.297819e-01,9.772956e-01,1.674817e-01,2.204936e-01,-6.507292e-02,4.598438e-01,5.932407e-01,-2.220268e+00,-1.387452e+01,
1.759603e-01,6.445581e-01,1.039669e-01,-5.698701e-01,-1.085715e+01,-2.268647e+00,1.750160e-01,-5.401031e-01,4.160756e-01,1.587205e+01,1.022120e+02,1.166877e+02,4.644535e+00,8.093073e+01,-4.476524e-01,-1.767488e-01,8.765656e-01,8.905339e-01,6.477237e-04,4.549164e-01,-8.097368e-02,9.842558e-01,1.571109e-01,2.189367e-01,-8.290578e-02,4.522475e-01,1.854742e-01,-1.546566e+00,-1.099650e+01,
2.628576e-01,6.460500e-01,1.074914e-01,-3.098305e-01,-8.820113e+00,-2.073527e+00,1.314071e-01,-1.064336e+00,1.415941e+00,1.587089e+01,1.022240e+02,1.118867e+02,-4.259399e+00,8.164993e+01,-3.717422e-01,-1.073607e-01,9.221070e-01,9.253601e-01,-1.223225e-01,3.588116e-01,7.427210e-02,9.866666e-01,1.448197e-01,2.218207e-01,-1.066972e-01,4.237993e-01,-8.499033e-01,4.818749e-02,-9.025810e+00,
3.453552e-01,6.431208e-01,8.176633e-02,7.716551e-02,-8.011664e+00,-1.974640e+00,2.811302e-01,-1.153258e+00,1.345939e+00,1.587151e+01,1.022120e+02,1.062100e+02,-1.268651e+01,8.409451e+01,-2.723432e-01,-3.781497e-02,9.614568e-01,9.368019e-01,-2.384884e-01,2.559795e-01,2.196164e-01,9.704088e-01,1.003759e-01,2.117550e-01,-1.304837e-01,3.931088e-01,-1.616586e+00,1.477511e+00,-7.955849e+00,
3.910450e-01,6.536067e-01,7.664956e-02,2.837766e-01,-9.458632e+00,-2.750577e+00,-1.899640e-01,-1.029901e+00,6.776629e-01,1.587187e+01,1.022240e+02,1.005092e+02,-1.708356e+01,8.448270e+01,-1.743463e-01,-4.120040e-02,9.838222e-01,9.398431e-01,-3.050367e-01,1.537783e-01,2.937661e-01,9.514492e-01,9.190392e-02,1.968419e-01,-1.528365e-01,3.921929e-01,-2.365855e+00,2.728956e+00,-9.168832e+00,
3.661116e-01,6.563858e-01,1.068150e-01,8.687326e-02,-1.107693e+01,-3.321722e+00,-4.583470e-01,-1.911303e-01,-6.208025e-01,1.587195e+01,1.022120e+02,9.894388e+01,-1.362194e+01,8.227317e+01,-1.510939e-01,-9.653324e-02,9.837948e-01,9.600541e-01,-2.514409e-01,1.227755e-01,2.355143e-01,9.630467e-01,1.306683e-01,1.949819e-01,-1.525571e-01,4.091188e-01,-2.211727e+00,2.460771e+00,-1.108119e+01,
3.096839e-01,6.551716e-01,1.756620e-01,-5.998327e-01,-1.191599e+01,-3.140008e+00,-1.251718e+00,2.116669e-01,-9.453796e-01,1.587169e+01,1.022120e+02,9.905726e+01,-8.008696e+00,7.506975e+01,-1.558862e-01,-2.332384e-01,9.598435e-01,9.779001e-01,-1.734999e-01,1.166590e-01,1.393234e-01,9.568166e-01,2.551301e-01,1.841150e-01,-1.547999e-01,4.481560e-01,-1.411433e-01,1.114537e+00,-1.228610e+01,
2.727604e-01,6.548295e-01,1.824626e-01,-9.111991e-01,-8.843535e+00,-2.505547e+00,8.255954e-02,4.726256e-01,-5.392410e-01,1.587082e+01,1.022120e+02,1.008551e+02,-4.279226e+00,7.533284e+01,-1.878018e-01,-2.350783e-01,9.536607e-01,9.793686e-01,-1.185790e-01,1.636345e-01,7.461718e-02,9.647162e-01,2.524976e-01,1.945307e-01,-1.431011e-01,4.573869e-01,-1.393938e-01,-2.537363e-01,-9.232138e+00,
2.435161e-01,6.658550e-01,1.744688e-01,-7.683973e-01,-7.770329e+00,-2.032516e+00,1.591262e-01,4.889131e-01,-4.162772e-01,1.587077e+01,1.022120e+02,1.029838e+02,-1.239264e+00,7.610568e+01,-2.246231e-01,-2.292755e-01,9.470888e-01,9.742057e-01,-7.440972e-02,2.130411e-01,2.162755e-02,9.705132e-01,2.400756e-01,1.979675e-01,-1.313554e-01,4.693815e-01,2.917278e-02,-6.033984e-01,-8.045783e+00,
1.957363e-01,6.657525e-01,1.831937e-01,-7.437562e-01,-8.983643e+00,-2.554089e+00,1.500225e-02,7.865436e-01,-6.364239e-01,1.586984e+01,1.022120e+02,1.065031e+02,3.402540e+00,7.625094e+01,-2.835671e-01,-2.442554e-01,9.273236e-01,9.571140e-01,-1.223932e-02,2.894529e-01,-5.935064e-02,9.696337e-01,2.372509e-01,2.104795e-01,-1.108249e-01,4.846276e-01,3.674102e-02,-1.341194e+00,-9.272659e+00,
1.642405e-01,6.641201e-01,1.978758e-01,-8.308307e-01,-8.694798e+00,-2.481803e+00,-1.868713e-01,1.225410e+00,-1.368601e-01,1.586998e+01,1.022080e+02,1.131372e+02,5.922357e+00,7.572549e+01,-3.908364e-01,-2.660271e-01,8.811791e-01,9.146589e-01,-4.932731e-03,4.041968e-01,-1.031807e-01,9.639531e-01,2.452519e-01,2.266995e-01,-8.301757e-02,4.965536e-01,4.508581e-01,-1.720174e+00,-8.904318e+00,
1.805688e-01,6.683390e-01,2.038004e-01,-3.677231e-01,-1.008840e+01,-2.123250e+00,-1.985610e-02,1.237947e+00,5.530786e-01,1.586976e+01,1.022190e+02,1.208110e+02,4.596858e+00,7.635007e+01,-5.105607e-01,-2.425729e-01,8.249160e-01,8.560987e-01,-5.398685e-02,5.139852e-01,-8.014426e-02,9.686300e-01,2.352298e-01,2.418245e-01,-4.766773e-02,4.901277e-01,8.834143e-01,-8.614852e-01,-1.024191e+01,
2.185080e-01,6.547302e-01,2.451099e-01,5.686375e-02,-1.053620e+01,-2.348046e+00,-5.101616e-01,8.995752e-01,9.000847e-01,1.586899e+01,1.022120e+02,1.271024e+02,9.353898e-01,7.372269e+01,-6.031612e-01,-2.329981e-01,7.628294e-01,7.974523e-01,-1.565824e-01,5.827109e-01,-1.632491e-02,9.597886e-01,2.802493e-01,2.545673e-01,-2.090037e-02,4.850935e-01,6.294575e-01,3.268973e-01,-1.077149e+01,
2.584985e-01,6.249633e-01,2.916801e-01,2.380035e-01,-9.159959e+00,-2.678509e+00,-7.007940e-01,8.699209e-01,1.072908e+00,1.586685e+01,1.022190e+02,1.337489e+02,-3.292007e+00,6.952323e+01,-6.903578e-01,-2.155074e-01,6.906247e-01,7.211854e-01,-2.807666e-01,6.332942e-01,5.742475e-02,9.352681e-01,3.492502e-01,2.594571e-01,2.449214e-03,4.735733e-01,-4.011285e-02,1.047171e+00,-9.488820e+00,
2.626442e-01,5.936906e-01,3.438563e-01,-6.727842e-03,-1.046915e+01,-3.001157e+00,-7.883193e-01,1.314228e+00,7.758824e-01,1.586664e+01,1.022080e+02,1.423957e+02,-4.369431e+00,6.433779e+01,-7.899411e-01,-2.098531e-01,5.761552e-01,6.084313e-01,-3.849969e-01,6.939660e-01,7.618706e-02,8.987432e-01,4.318060e-01,2.591230e-01,3.383607e-02,4.817274e-01,4.731659e-01,1.943796e+00,-1.070551e+01,
2.201513e-01,5.727141e-01,3.744577e-01,-2.624772e-01,-9.612697e+00,-2.572250e+00,-4.180766e-01,1.685842e+00,3.878019e-01,1.586456e+01,1.022120e+02,1.519865e+02,-1.857909e+00,6.137840e+01,-8.823730e-01,-1.998624e-01,4.259967e-01,4.694327e-01,-4.362657e-01,7.676623e-01,3.242095e-02,8.773412e-01,4.787710e-01,2.526131e-01,7.104909e-02,4.892267e-01,1.057049e+00,2.095856e+00,-9.673643e+00,
1.658241e-01,5.693271e-01,3.752643e-01,-5.000684e-01,-9.948668e+00,-2.678626e+00,-4.589614e-03,1.792740e+00,2.321204e-01,1.586159e+01,1.022080e+02,1.616159e+02,1.945408e+00,6.132411e+01,-9.484168e-01,-1.796025e-01,2.612444e-01,3.152035e-01,-4.459710e-01,8.377092e-01,-3.394724e-02,8.768426e-01,4.795777e-01,2.401615e-01,1.124277e-01,5.004156e-01,1.561303e+00,2.035285e+00,-9.991050e+00,
1.158556e-01,5.681572e-01,3.712503e-01,-8.555954e-01,-9.751507e+00,-2.145867e+00,-6.896650e-02,1.579124e+00,1.575340e-01,1.586053e+01,1.022080e+02,1.700020e+02,5.496489e+00,6.146830e+01,-9.802855e-01,-1.657999e-01,1.074729e-01,1.728158e-01,-4.557811e-01,8.731540e-01,-9.578476e-02,8.745134e-01,4.754485e-01,2.194142e-01,1.432043e-01,5.051597e-01,2.224904e+00,2.423020e+00,-9.466120e+00,
1.007477e-01,5.811559e-01,3.665504e-01,-9.069914e-01,-9.480212e+00,-2.124714e+00,2.100724e-03,1.021273e+00,5.556454e-01,1.586022e+01,1.022120e+02,1.766808e+02,5.512611e+00,6.216586e+01,-9.937053e-01,-1.118417e-01,6.421410e-03,5.763111e-02,-4.612118e-01,8.854164e-01,-9.606485e-02,8.802131e-01,4.647542e-01,2.104225e-01,1.664980e-01,5.099260e-01,1.947922e+00,2.438858e+00,-9.244946e+00,
1.529225e-01,5.856975e-01,3.807624e-01,-4.045680e-01,-1.075773e+01,-2.300688e+00,-1.622563e-01,3.449756e-01,1.055481e+00,1.586033e+01,1.022080e+02,-1.787700e+02,1.101316e+00,6.148838e+01,-9.995848e-01,-6.638734e-03,-2.803551e-02,-2.146250e-02,-4.775895e-01,8.783209e-01,-1.922040e-02,8.785580e-01,4.772487e-01,2.012837e-01,1.836468e-01,5.013864e-01,5.403187e-01,3.125721e+00,-1.054152e+01,
1.759566e-01,6.174283e-01,3.603805e-01,-3.434513e-01,-8.321506e+00,-2.908675e+00,3.563860e-01,6.771367e-01,7.207075e-01,1.586033e+01,1.022080e+02,-1.734248e+02,-7.027990e-01,6.353624e+01,-9.933478e-01,6.193651e-02,-9.707886e-02,-1.144989e-01,-4.414432e-01,8.899541e-01,1.226585e-02,8.951492e-01,4.455982e-01,1.845418e-01,1.984536e-01,5.006208e-01,1.081324e-01,1.124210e+00,-8.749302e+00,
2.087472e-01,6.489903e-01,3.203405e-01,-1.275298e-01,-9.345929e+00,-3.164702e+00,8.006248e-01,1.232113e+00,1.065722e+00,1.585991e+01,1.022080e+02,-1.644714e+02,-3.356892e+00,6.775562e+01,-9.618440e-01,1.535661e-01,-2.264369e-01,-2.672592e-01,-3.502297e-01,8.977259e-01,5.855531e-02,9.239896e-01,3.779083e-01,1.492869e-01,2.264699e-01,4.794542e-01,-5.959487e-01,4.662704e-01,-9.838975e+00,
2.327004e-01,6.576661e-01,3.140348e-01,-8.872167e-02,-8.972020e+00,-2.682196e+00,3.149449e-01,1.548364e+00,9.499692e-01,1.585887e+01,1.022030e+02,-1.542029e+02,-5.123862e+00,6.878306e+01,-8.967435e-01,2.324517e-01,-3.765866e-01,-4.334457e-01,-2.896022e-01,8.533790e-01,8.930911e-02,9.284918e-01,3.604540e-01,1.048026e-01,2.519921e-01,4.746970e-01,-9.959220e-01,3.478422e-01,-9.305180e+00,
2.501308e-01,6.665162e-01,2.972704e-01,-3.853887e-02,-9.363719e+00,-2.402016e+00,3.399757e-01,1.424219e+00,7.977082e-01,1.585814e+01,1.022080e+02,-1.449158e+02,-6.469075e+00,6.977619e+01,-8.130984e-01,2.852066e-01,-5.074724e-01,-5.711193e-01,-2.221134e-01,7.902458e-01,1.126669e-01,9.323749e-01,3.434870e-01,6.382385e-02,2.594433e-01,4.637027e-01,-1.420302e+00,2.036347e-01,-9.559900e+00,
2.674796e-01,6.638482e-01,2.894081e-01,-4.511291e-03,-8.807762e+00,-2.341279e+00,4.103897e-01,1.003053e+00,5.226230e-01,1.585761e+01,1.021960e+02,-1.384611e+02,-7.331692e+00,7.133272e+01,-7.423863e-01,3.027431e-01,-5.976701e-01,-6.577064e-01,-1.594037e-01,7.362154e-01,1.276132e-01,9.396476e-01,3.174552e-01,2.468176e-02,2.684209e-01,4.539599e-01,-1.263828e+00,-3.167280e-01,-9.020019e+00,
2.751435e-01,6.752539e-01,2.582036e-01,-2.771232e-02,-8.692654e+00,-2.326035e+00,5.043087e-01,5.368392e-01,2.088903e-01,1.585735e+01,1.022030e+02,-1.351466e+02,-7.499701e+00,7.377314e+01,-7.028500e-01,2.859305e-01,-6.513416e-01,-6.992612e-01,-1.097113e-01,7.063974e-01,1.305210e-01,9.519492e-01,2.770507e-01,6.564602e-03,2.658177e-01,4.471801e-01,-9.509736e-01,-6.700449e-01,-8.923012e+00,
2.741049e-01,6.845562e-01,2.277947e-01,-2.392185e-01,-8.902589e+00,-2.360382e+00,5.219918e-01,1.078449e-01,-1.396727e-01,1.585732e+01,1.021960e+02,-1.347492e+02,-6.522102e+00,7.669205e+01,-6.994491e-01,2.412942e-01,-6.727170e-01,-7.055984e-01,-8.354893e-02,7.036693e-01,1.135865e-01,9.668489e-01,2.286950e-01,-3.460646e-03,2.603431e-01,4.377887e-01,-3.929529e-01,-7.483342e-01,-9.174438e+00,
2.632116e-01,6.825580e-01,2.057468e-01,-1.762571e-01,-9.967666e+00,-2.497211e+00,3.490789e-01,-1.922851e-01,-3.812051e-01,1.585769e+01,1.021960e+02,-1.362988e+02,-4.571563e+00,7.881425e+01,-7.206529e-01,1.905552e-01,-6.665945e-01,-6.886992e-01,-8.622459e-02,7.199019e-01,7.970420e-02,9.778824e-01,1.933732e-01,-5.465627e-03,2.565857e-01,4.321702e-01,-1.077433e-01,-8.169007e-01,-1.024415e+01,
2.382246e-01,6.796204e-01,2.233194e-01,-4.179512e-01,-1.271706e+01,-2.579212e+00,-3.496578e-01,-3.559696e-01,-5.813767e-01,1.585682e+01,1.022080e+02,-1.389987e+02,-1.697098e+00,7.694630e+01,-7.543641e-01,1.699572e-01,-6.340737e-01,-6.557880e-01,-1.515306e-01,7.395815e-01,2.961561e-02,9.737316e-01,2.257651e-01,4.296213e-03,2.498510e-01,4.464772e-01,-2.106591e-01,2.935747e-01,-1.297768e+01,
2.619730e-01,6.606862e-01,2.260088e-01,-4.801098e-01,-1.006305e+01,-2.006327e+00,-7.751437e-02,-8.338623e-01,1.988306e-01,1.585707e+01,1.022030e+02,-1.433985e+02,-3.863161e+00,7.668402e+01,-8.009779e-01,1.899616e-01,-5.677577e-01,-5.948907e-01,-1.458109e-01,7.904708e-01,6.737381e-02,9.709035e-01,2.297978e-01,2.316250e-02,2.514019e-01,4.306290e-01,-3.879277e-01,1.669722e-01,-1.026364e+01,
2.879385e-01,6.486169e-01,2.212038e-01,-3.004604e-01,-8.935870e+00,-1.881467e+00,-2.462548e-01,-1.271124e+00,-2.520878e-03,1.585598e+01,1.022190e+02,-1.505079e+02,-5.548269e+00,7.584171e+01,-8.663461e-01,2.020180e-01,-4.567639e-01,-4.899966e-01,-1.667549e-01,8.556262e-01,9.668431e-02,9.650812e-01,2.434556e-01,5.434501e-02,2.380503e-01,4.217806e-01,-6.855177e-01,2.749228e-02,-9.110944e+00,
3.270156e-01,6.477774e-01,2.069562e-01,-6.919934e-02,-8.526329e+00,-1.985161e+00,-1.196505e-01,-1.476516e+00,1.855947e-01,1.585463e+01,1.022190e+02,-1.585276e+02,-8.587572e+00,7.611752e+01,-9.201614e-01,2.227255e-01,-3.220195e-01,-3.619482e-01,-1.702160e-01,9.165261e-01,1.493209e-01,9.599062e-01,2.372413e-01,8.701562e-02,2.209998e-01,4.122099e-01,-1.196096e+00,-3.430874e-01,-8.665771e+00,
3.171597e-01,6.364756e-01,2.153166e-01,-2.200640e-01,-1.016283e+01,-2.666110e+00,-4.595652e-01,-1.182135e+00,-5.850198e-01,1.585275e+01,1.022150e+02,-1.660280e+02,-6.972706e+00,7.455763e+01,-9.632370e-01,1.778418e-01,-2.013627e-01,-2.396613e-01,-2.301385e-01,9.431855e-01,1.213965e-01,9.567700e-01,2.642997e-01,1.107794e-01,2.015793e-01,4.150564e-01,-1.058547e+00,-1.230373e-01,-1.045486e+01,
2.530570e-01,6.297928e-01,2.421134e-01,-6.300493e-01,-1.001439e+01,-2.946931e+00,-7.532036e-01,-2.863480e-01,-1.270895e+00,1.585132e+01,1.022150e+02,-1.698323e+02,-4.568766e-01,7.051480e+01,-9.842640e-01,6.628309e-02,-1.638016e-01,-1.765243e-01,-3.269978e-01,9.283919e-01,7.973917e-03,9.426978e-01,3.335527e-01,1.182792e-01,1.788347e-01,4.422520e-01,4.390620e-01,6.499970e-01,-1.042853e+01,
2.194060e-01,6.316984e-01,2.415068e-01,-3.875461e-01,-1.196708e+01,-2.539679e+00,1.141454e-01,-3.240569e-01,-6.508738e-01,1.585133e+01,1.022260e+02,-1.728595e+02,2.480618e+00,7.103745e+01,-9.913146e-01,-2.231598e-04,-1.315116e-01,-1.241857e-01,-3.275178e-01,9.366482e-01,-4.328143e-02,9.448450e-01,3.246455e-01,1.253545e-01,1.756573e-01,4.498401e-01,7.208480e-01,1.588773e+00,-1.211476e+01,
2.324505e-01,6.384326e-01,1.929579e-01,-5.090641e-01,-9.723651e+00,-2.079443e+00,8.292865e-01,-1.337077e+00,-2.483482e-01,1.585175e+01,1.022150e+02,1.793972e+02,1.565337e+00,7.550993e+01,-9.995714e-01,-2.907882e-02,3.351091e-03,1.051644e-02,-2.499199e-01,9.682094e-01,-2.731688e-02,9.678297e-01,2.501186e-01,1.474495e-01,1.609701e-01,4.300076e-01,7.846298e-01,4.114444e-01,-9.917039e+00,
2.563999e-01,6.565513e-01,9.318759e-02,-5.830216e-01,-7.993131e+00,-1.500370e+00,1.502600e+00,-2.415768e+00,4.230767e-02,1.585197e+01,1.022190e+02,1.657242e+02,-7.470573e-01,8.398549e+01,-9.690377e-01,-1.327167e-02,2.465565e-01,2.465689e-01,-1.047420e-01,9.634486e-01,1.303824e-02,9.944111e-01,1.047713e-01,1.833739e-01,1.196395e-01,4.011666e-01,3.011263e-01,-7.520676e-01,-8.113256e+00,
2.824028e-01,6.502538e-01,7.951446e-02,-5.664698e-01,-7.860084e+00,-2.943051e+00,-1.158206e-01,-2.445170e+00,6.587749e-02,1.585128e+01,1.022150e+02,1.518206e+02,-2.531945e+00,8.366851e+01,-8.806130e-01,-1.337539e-02,4.736479e-01,4.717729e-01,-1.179437e-01,8.737963e-01,4.417640e-02,9.929304e-01,1.101729e-01,1.993373e-01,6.519269e-02,3.947526e-01,-7.899976e-01,-1.911825e+00,-8.153785e+00,
2.824259e-01,6.525263e-01,8.833826e-02,-2.274328e-01,-9.414115e+00,-3.262271e+00,-4.134927e-01,-1.198934e+00,-7.936048e-02,1.584895e+01,1.022190e+02,1.449213e+02,-2.874177e+00,8.163681e+01,-8.173338e-01,-4.299018e-02,5.745585e-01,5.739785e-01,-1.475395e-01,8.054694e-01,5.014282e-02,9.881215e-01,1.452645e-01,2.027422e-01,3.181462e-02,4.012041e-01,-1.283762e+00,-1.369247e+00,-9.787585e+00,
2.455679e-01,6.590526e-01,1.064599e-01,-6.221970e-01,-8.936295e+00,-2.821914e+00,-2.599304e-01,-2.862257e-03,-6.929975e-01,1.584761e+01,1.022030e+02,1.442534e+02,1.091488e+00,8.016543e+01,-8.114614e-01,-1.150170e-01,5.729761e-01,5.840955e-01,-1.276611e-01,8.015828e-01,-1.904890e-02,9.851263e-01,1.707730e-01,1.988337e-01,3.245808e-02,4.203781e-01,-8.417463e-02,-1.484603e+00,-9.273433e+00,
1.857806e-01,6.511942e-01,1.069951e-01,-1.007210e+00,-9.422517e+00,-2.287472e+00,-5.931483e-02,6.016111e-01,-8.893089e-01,1.584703e+01,1.022150e+02,1.467777e+02,6.730176e+00,7.998809e+01,-8.307869e-01,-1.917976e-01,5.225005e-01,5.441128e-01,-8.220553e-02,8.349752e-01,-1.171938e-01,9.779857e-01,1.726548e-01,1.935315e-01,4.346429e-02,4.324059e-01,1.448788e+00,-1.683435e+00,-9.491991e+00,
1.672864e-01,6.422920e-01,1.514691e-01,-8.354134e-01,-1.094175e+01,-2.040317e+00,-7.162712e-01,4.702143e-01,-1.615414e-01,1.584692e+01,1.022150e+02,1.492711e+02,8.198557e+00,7.619028e+01,-8.508096e-01,-2.410074e-01,4.669459e-01,5.057540e-01,-1.344228e-01,8.521405e-01,-1.426040e-01,9.611691e-01,2.362587e-01,1.908880e-01,5.296327e-02,4.471107e-01,2.395102e+00,-6.903307e-01,-1.087978e+01,
2.019790e-01,6.310778e-01,1.862709e-01,-7.421022e-01,-9.743277e+00,-2.530861e+00,-7.082982e-01,2.456914e-01,6.637338e-01,1.584621e+01,1.022150e+02,1.516958e+02,4.973374e+00,7.237769e+01,-8.771282e-01,-2.162915e-01,4.287938e-01,4.723669e-01,-2.273696e-01,8.515707e-01,-8.669280e-02,9.494846e-01,3.016012e-01,1.881052e-01,5.487424e-02,4.452610e-01,1.673089e+00,-2.904269e-01,-9.950068e+00,
2.410225e-01,6.232754e-01,1.973094e-01,-3.767528e-01,-9.472525e+00,-2.627719e+00,4.290625e-02,4.442290e-01,7.891431e-01,1.584698e+01,1.022150e+02,1.554723e+02,1.450697e+00,7.281425e+01,-9.094689e-01,-1.446634e-01,3.897932e-01,4.150004e-01,-2.587666e-01,8.722468e-01,-2.531673e-02,9.550458e-01,2.953756e-01,1.912976e-01,7.630111e-02,4.315412e-01,6.887057e-01,2.800465e-03,-9.813321e+00,
2.962786e-01,6.047394e-01,2.168815e-01,-2.294705e-01,-9.645787e+00,-2.607881e+00,-4.433431e-01,4.903214e-01,1.180548e+00,1.584603e+01,1.022150e+02,1.602505e+02,-4.055157e+00,7.012660e+01,-9.388230e-01,-5.227590e-02,3.404095e-01,3.370616e-01,-3.424199e-01,8.770052e-01,7.071677e-02,9.380916e-01,3.390919e-01,1.885404e-01,8.538087e-02,4.181001e-01,-1.680732e-01,9.384384e-01,-9.949172e+00,
3.178699e-01,5.846202e-01,2.510145e-01,-1.141985e-01,-9.741342e+00,-2.907428e+00,-3.046873e-01,9.763829e-01,9.156610e-01,1.584621e+01,1.022260e+02,1.673789e+02,-6.869599e+00,6.762385e+01,-9.688311e-01,2.475090e-02,2.464833e-01,2.169333e-01,-3.956541e-01,8.924114e-01,1.196101e-01,9.180662e-01,3.779526e-01,1.853959e-01,1.125266e-01,4.153915e-01,-8.471001e-01,1.234807e+00,-1.005573e+01,
2.950665e-01,5.827833e-01,2.699635e-01,-3.681247e-01,-9.511669e+00,-2.781723e+00,1.119835e-01,1.574233e+00,3.187742e-01,1.584549e+01,1.022150e+02,1.764445e+02,-5.035534e+00,6.724414e+01,-9.942230e-01,5.679794e-02,9.107363e-02,6.177551e-02,-3.910801e-01,9.182810e-01,8.777356e-02,9.186023e-01,3.853122e-01,1.671549e-01,1.487886e-01,4.234317e-01,-4.275868e-01,1.142680e+00,-9.841584e+00,
2.440007e-01,5.781456e-01,2.823192e-01,-7.080350e-01,-9.294967e+00,-2.065367e+00,-6.383609e-02,1.640780e+00,-1.266773e-02,1.584583e+01,1.022150e+02,-1.749301e+02,-1.261566e+00,6.637606e+01,-9.958460e-01,5.550604e-02,-7.217747e-02,-8.835028e-02,-3.973813e-01,9.133905e-01,2.201670e-02,9.159732e-01,4.006346e-01,1.466765e-01,1.741638e-01,4.349785e-01,3.382400e-01,1.869715e+00,-9.356987e+00,
1.863686e-01,5.655759e-01,3.069841e-01,-1.350250e+00,-1.169248e+01,-2.401042e+00,-4.489876e-01,1.286270e+00,-3.891472e-01,1.584488e+01,1.022150e+02,-1.691866e+02,3.862174e+00,6.386830e+01,-9.800129e-01,2.323239e-02,-1.975731e-01,-1.871843e-01,-4.439605e-01,8.762769e-01,-6.735662e-02,8.957452e-01,4.394357e-01,1.251539e-01,1.853825e-01,4.564098e-01,1.525999e+00,3.339767e+00,-1.143764e+01,
1.732946e-01,5.589426e-01,3.176633e-01,-1.223682e+00,-1.019274e+01,-2.162272e+00,-1.602311e-01,5.475152e-01,1.891502e-01,1.584502e+01,1.022260e+02,-1.658957e+02,4.332348e+00,6.318425e+01,-9.670824e-01,4.454773e-02,-2.505339e-01,-2.429921e-01,-4.539521e-01,8.572528e-01,-7.554171e-02,8.899119e-01,4.498338e-01,1.178985e-01,1.957817e-01,4.594752e-01,1.271060e+00,3.070748e+00,-9.950865e+00,
1.865036e-01,5.887064e-01,2.538367e-01,-7.534066e-01,-8.287280e+00,-2.448845e+00,1.320217e+00,3.636052e-01,5.085329e-01,1.584553e+01,1.022030e+02,-1.628759e+02,2.507644e+00,7.092802e+01,-9.547542e-01,5.669287e-02,-2.919430e-01,-2.941606e-01,-3.244460e-01,8.990020e-01,-4.375269e-02,9.442039e-01,3.264429e-01,1.099820e-01,2.178429e-01,4.325247e-01,9.644117e-01,7.088802e-01,-8.591327e+00,
2.333341e-01,6.119430e-01,1.994785e-01,-3.209843e-01,-9.210329e+00,-2.465011e+00,1.135042e+00,5.135453e-01,1.101839e+00,1.584524e+01,1.022100e+02,-1.583601e+02,-2.771142e+00,7.739626e+01,-9.284328e-01,1.243249e-01,-3.500800e-01,-3.683412e-01,-1.854282e-01,9.110111e-01,4.834670e-02,9.747614e-01,2.179516e-01,9.703659e-02,2.386578e-01,4.008379e-01,1.588988e-02,-4.195662e-01,-9.530644e+00,
2.724005e-01,6.087728e-01,1.966049e-01,2.223190e-03,-7.990726e+00,-2.052468e+00,1.853593e-01,7.404158e-01,9.845613e-01,1.584474e+01,1.022150e+02,-1.530191e+02,-7.371408e+00,7.795204e+01,-8.837924e-01,2.065174e-01,-4.198353e-01,-4.499445e-01,-1.290844e-01,8.836783e-01,1.283007e-01,9.698907e-01,2.070052e-01,7.887186e-02,2.507503e-01,3.827375e-01,-7.904902e-01,-7.832440e-01,-8.174718e+00,
2.843222e-01,6.062169e-01,1.922296e-01,-6.276894e-02,-8.810153e+00,-2.205505e+00,2.559877e-01,9.865503e-01,5.549483e-01,1.584307e+01,1.022100e+02,-1.467618e+02,-9.272717e+00,7.845686e+01,-8.254697e-01,2.417285e-01,-5.100660e-01,-5.409583e-01,-8.083370e-02,8.371561e-01,1.611339e-01,9.669713e-01,1.974908e-01,5.429965e-02,2.613861e-01,3.738891e-01,-9.528975e-01,-1.100239e+00,-8.964847e+00,
2.605139e-01,6.182800e-01,1.794814e-01,-3.379577e-01,-9.039042e+00,-1.836719e+00,4.185012e-01,8.672355e-01,-5.448128e-02,1.584286e+01,1.022030e+02,-1.418807e+02,-8.001959e+00,8.008628e+01,-7.790669e-01,2.141602e-01,-5.892288e-01,-6.112909e-01,-5.079728e-02,7.897743e-01,1.392070e-01,9.754770e-01,1.704886e-01,3.562967e-02,2.707307e-01,3.764275e-01,-5.902634e-01,-7.848442e-01,-9.177563e+00,
2.344738e-01,6.211584e-01,1.805506e-01,-5.743175e-01,-1.000788e+01,-1.698866e+00,1.323308e-01,4.340055e-01,-3.373643e-01,1.584247e+01,1.021990e+02,-1.397337e+02,-5.648082e+00,8.055527e+01,-7.593443e-01,1.801418e-01,-6.252562e-01,-6.432031e-01,-6.246400e-02,7.631436e-01,9.841806e-02,9.816554e-01,1.632994e-01,2.357094e-02,2.750319e-01,3.828293e-01,-3.045068e-01,-3.019437e-01,-1.015824e+01,
2.040439e-01,6.172190e-01,1.889931e-01,-5.712603e-01,-1.288962e+01,-2.939405e+00,-2.328404e-01,1.454750e-01,-4.336739e-01,1.584095e+01,1.021990e+02,-1.393614e+02,-3.020809e+00,7.917227e+01,-7.577782e-01,1.616258e-01,-6.321784e-01,-6.503808e-01,-1.088409e-01,7.517703e-01,5.269864e-02,9.808317e-01,1.875956e-01,2.549778e-02,2.729999e-01,3.935475e-01,2.078208e-01,-4.353027e-01,-1.322408e+01,
1.855182e-01,6.060709e-01,2.145453e-01,-7.752055e-01,-1.107302e+01,-2.484458e+00,-5.571694e-01,1.654579e-01,-3.319687e-01,1.584092e+01,1.022150e+02,-1.387936e+02,-9.253208e-01,7.594898e+01,-7.522437e-01,1.717269e-01,-6.361126e-01,-6.586870e-01,-1.723375e-01,7.324146e-01,1.614919e-02,9.699534e-01,2.427541e-01,2.448429e-02,2.670074e-01,4.075004e-01,2.620039e-01,5.992606e-01,-1.135594e+01,
2.104610e-01,6.008870e-01,2.235265e-01,-6.115128e-01,-8.003467e+00,-1.918765e+00,-6.630947e-02,-4.613430e-02,5.332265e-01,1.583954e+01,1.021990e+02,-1.382786e+02,-3.903782e+00,7.552958e+01,-7.446579e-01,2.155005e-01,-6.316994e-01,-6.639651e-01,-1.426367e-01,7.340335e-01,6.808114e-02,9.660302e-01,2.493004e-01,2.365203e-02,2.706029e-01,3.942893e-01,-5.730057e-02,1.391728e-01,-8.251572e+00,
2.245982e-01,6.052026e-01,2.091329e-01,-3.375134e-01,-7.815099e+00,-1.695459e+00,1.966342e-01,-2.874210e-01,1.480296e-01,1.583707e+01,1.022100e+02,-1.396866e+02,-5.068418e+00,7.675156e+01,-7.595357e-01,2.138399e-01,-6.143110e-01,-6.444383e-01,-1.191136e-01,7.553219e-01,8.834526e-02,9.695795e-01,2.282777e-01,2.991188e-02,2.687567e-01,3.874704e-01,-3.732878e-01,-1.322265e-01,-7.994213e+00,
2.289219e-01,6.016269e-01,2.194903e-01,-1.775018e-01,-8.902367e+00,-2.221038e+00,-2.921895e-01,-5.331178e-01,-5.397809e-02,1.583469e+01,1.021990e+02,-1.427481e+02,-5.447895e+00,7.533001e+01,-7.923867e-01,2.264055e-01,-5.664486e-01,-6.025859e-01,-1.459876e-01,7.845877e-01,9.494050e-02,9.630308e-01,2.521073e-01,4.643591e-02,2.643161e-01,3.903576e-01,-6.167905e-01,-3.360039e-01,-9.150045e+00,
2.082312e-01,5.916886e-01,2.411286e-01,-1.732921e-01,-1.136175e+01,-3.219241e+00,-4.028752e-01,-2.456393e-01,-5.006033e-01,1.583497e+01,1.022100e+02,-1.449264e+02,-3.022944e+00,7.318214e+01,-8.172763e-01,2.075708e-01,-5.375628e-01,-5.738278e-01,-2.077847e-01,7.921787e-01,5.273585e-02,9.558974e-01,2.889274e-01,5.390613e-02,2.596150e-01,4.021907e-01,-4.861954e-01,-8.997655e-02,-1.179993e+01,
1.767243e-01,5.889190e-01,2.495027e-01,-5.210757e-01,-1.166183e+01,-2.667575e+00,-3.391348e-01,-1.284942e-01,-7.023878e-01,1.583299e+01,1.021990e+02,-1.468460e+02,6.349149e-01,7.124400e+01,-8.371522e-01,1.670619e-01,-5.208321e-01,-5.468574e-01,-2.749315e-01,7.907966e-01,-1.108113e-02,9.468383e-01,3.215187e-01,6.172609e-02,2.468746e-01,4.198654e-01,-1.226701e-01,1.381650e+00,-1.189377e+01,
1.854282e-01,5.921960e-01,2.398652e-01,-5.518197e-01,-9.464126e+00,-2.516803e+00,3.872105e-01,-2.962942e-01,2.258059e-02,1.583044e+01,1.021990e+02,-1.484552e+02,1.844322e-02,7.341282e+01,-8.522312e-01,1.490871e-01,-5.014731e-01,-5.231655e-01,-2.434511e-01,8.167188e-01,-3.218949e-04,9.583865e-01,2.854738e-01,6.297231e-02,2.525828e-01,4.112284e-01,3.214077e-01,5.372241e-01,-9.788594e+00,
2.147865e-01,5.984704e-01,2.275639e-01,-2.973002e-01,-7.038261e+00,-1.384530e+00,1.779205e-01,-6.285242e-01,2.623585e-01,1.583083e+01,1.021990e+02,-1.515236e+02,-2.356507e+00,7.449515e+01,-8.782704e-01,1.622844e-01,-4.497830e-01,-4.763930e-01,-2.160867e-01,8.522653e-01,4.111722e-02,9.627929e-01,2.670938e-01,7.551605e-02,2.476349e-01,4.021151e-01,-2.583520e-01,4.825193e-01,-7.158412e+00,
1.964374e-01,6.150293e-01,2.075169e-01,-4.385467e-01,-6.637558e+00,-2.001364e+00,3.722717e-01,-3.811698e-01,-4.451283e-01,1.583206e+01,1.022150e+02,-1.542851e+02,-4.055928e-01,7.668974e+01,-9.009416e-01,1.060991e-01,-4.207698e-01,-4.338827e-01,-2.044345e-01,8.774694e-01,7.078871e-03,9.731134e-01,2.302181e-01,8.468793e-02,2.436446e-01,4.079448e-01,5.329796e-01,-2.089123e-01,-6.922951e+00,
1.747429e-01,6.213403e-01,1.772510e-01,-4.573258e-01,-9.066331e+00,-2.708676e+00,4.141371e-01,1.096087e-02,-3.880585e-01,1.583028e+01,1.022100e+02,-1.546921e+02,1.813647e+00,7.904645e+01,-9.035705e-01,5.313730e-02,-4.251314e-01,-4.272688e-01,-1.850591e-01,8.849828e-01,-3.164883e-02,9.812897e-01,1.899179e-01,8.542471e-02,2.398347e-01,4.075300e-01,1.083009e+00,-5.239238e-01,-9.396650e+00,
1.584371e-01,6.194162e-01,1.738386e-01,-3.271988e-01,-9.911260e+00,-2.591815e+00,2.108360e-01,3.480951e-01,-1.770973e-01,1.582955e+01,1.021990e+02,-1.529156e+02,3.200675e+00,8.032189e+01,-8.889485e-01,2.753904e-02,-4.571787e-01,-4.545914e-01,-1.747362e-01,8.733922e-01,-5.583327e-02,9.842302e-01,1.678504e-01,7.518324e-02,2.488294e-01,4.066916e-01,1.202838e+00,-3.830731e-01,-1.017173e+01,
1.627207e-01,6.100782e-01,1.892772e-01,-1.768445e-01,-1.349194e+01,-2.896034e+00,-2.950376e-01,2.334538e-01,1.550732e-01,1.582786e+01,1.022030e+02,-1.514461e+02,2.592501e+00,7.868510e+01,-8.774691e-01,5.482288e-02,-4.764900e-01,-4.774959e-01,-1.935369e-01,8.570539e-01,-4.523225e-02,9.795601e-01,1.960004e-01,7.059659e-02,2.506662e-01,4.060284e-01,7.954400e-01,2.135739e-01,-1.377579e+01,
2.116185e-01,6.123821e-01,2.083702e-01,-1.275194e-01,-1.126660e+01,-2.685082e+00,-4.070156e-01,-6.274392e-02,8.817257e-01,1.582676e+01,1.021990e+02,-1.506669e+02,-2.384768e+00,7.634483e+01,-8.710316e-01,1.509009e-01,-4.674748e-01,-4.894613e-01,-1.860015e-01,8.519572e-01,4.161005e-02,9.708925e-01,2.358734e-01,7.389629e-02,2.493775e-01,4.014313e-01,-3.338588e-01,-1.295538e-01,-1.157731e+01,
2.581591e-01,5.905896e-01,2.287420e-01,-1.295786e-01,-7.963073e+00,-1.941775e+00,-3.312819e-01,-2.300152e-01,8.345837e-01,1.582639e+01,1.022100e+02,-1.507398e+02,-7.314199e+00,7.442880e+01,-8.653105e-01,2.381952e-01,-4.410224e-01,-4.847987e-01,-1.742432e-01,8.570936e-01,1.273104e-01,9.554592e-01,2.662512e-01,7.736565e-02,2.533466e-01,3.838295e-01,-9.282737e-01,-2.139518e-01,-8.141888e+00,
2.939709e-01,5.874782e-01,2.319994e-01,3.729143e-02,-7.239477e+00,-1.814303e+00,-1.650323e-01,-1.877804e-01,5.973805e-01,1.582526e+01,1.021990e+02,-1.508389e+02,-1.086854e+01,7.347179e+01,-8.575890e-01,2.964750e-01,-4.202901e-01,-4.785266e-01,-1.603486e-01,8.633080e-01,1.885563e-01,9.414834e-01,2.793843e-01,8.162737e-02,2.504117e-01,3.771109e-01,-1.415771e+00,-4.233073e-01,-7.315703e+00,
3.047802e-01,5.791355e-01,2.515785e-01,1.775363e-01,-8.875533e+00,-2.279071e+00,-4.047006e-01,-9.751263e-02,1.609446e-01,1.582400e+01,1.022100e+02,-1.511201e+02,-1.188183e+01,7.118283e+01,-8.568735e-01,3.264350e-01,-3.990091e-01,-4.726264e-01,-1.883087e-01,8.609090e-01,2.058940e-01,9.262722e-01,3.156385e-01,8.555409e-02,2.477886e-01,3.807277e-01,-2.140041e+00,-3.746415e-01,-8.903969e+00,
2.689477e-01,5.775986e-01,2.672801e-01,-1.230562e-01,-1.017637e+01,-2.722172e+00,-1.082746e-01,2.094942e-01,-5.963433e-01,1.582309e+01,1.022100e+02,-1.511509e+02,-8.224534e+00,7.054234e+01,-8.668848e-01,2.788702e-01,-4.132096e-01,-4.775423e-01,-2.266875e-01,8.488617e-01,1.430528e-01,9.331903e-01,3.296842e-01,8.149444e-02,2.509835e-01,3.934259e-01,-1.606382e+00,5.487227e-02,-1.041155e+01,
2.472812e-01,5.861703e-01,2.508848e-01,-1.489891e-01,-1.188483e+01,-2.953264e+00,2.382541e-01,-4.073640e-02,-4.535146e-01,1.582133e+01,1.022100e+02,-1.522153e+02,-5.790203e+00,7.200455e+01,-8.801920e-01,2.289013e-01,-4.157717e-01,-4.637714e-01,-2.285947e-01,8.559559e-01,1.008862e-01,9.462286e-01,3.073651e-01,8.309662e-02,2.470114e-01,3.970768e-01,-1.361430e+00,2.580416e-01,-1.216852e+01,
2.267618e-01,6.051311e-01,2.092481e-01,-1.473883e-01,-1.076168e+01,-2.817932e+00,8.497648e-01,4.975684e-02,-3.720131e-01,1.581914e+01,1.021990e+02,-1.525106e+02,-3.611400e+00,7.687277e+01,-8.853346e-01,1.592496e-01,-4.368320e-01,-4.606680e-01,-1.731571e-01,8.705181e-01,6.298909e-02,9.719343e-01,2.266631e-01,7.838178e-02,2.510346e-01,3.920110e-01,-3.523421e-01,-5.217028e-01,-1.110765e+01,
1.844362e-01,6.095617e-01,1.955254e-01,-4.920968e-01,-8.136996e+00,-2.205322e+00,2.550273e-01,1.056578e-01,-7.536328e-01,1.581802e+01,1.022100e+02,-1.528728e+02,7.751954e-01,7.833177e+01,-8.899149e-01,8.042462e-02,-4.489807e-01,-4.559262e-01,-1.860380e-01,8.703572e-01,-1.352930e-02,9.792457e-01,2.022256e-01,7.556897e-02,2.497652e-01,4.014874e-01,7.736561e-01,-1.812674e-01,-8.407434e+00,
1.323777e-01,6.235202e-01,1.395582e-01,-7.154593e-01,-6.864314e+00,-2.215132e+00,8.443346e-01,4.576483e-01,-7.757636e-01,1.581603e+01,1.021990e+02,-1.510273e+02,5.614938e+00,8.327144e+01,-8.706529e-01,-2.825361e-02,-4.910859e-01,-4.820690e-01,-1.495703e-01,8.632719e-01,-9.784238e-02,9.883474e-01,1.166036e-01,6.733894e-02,2.499599e-01,4.054240e-01,1.904679e+00,-5.406635e-01,-6.972616e+00,
1.204455e-01,6.272908e-01,1.186828e-01,-2.314322e-01,-8.130778e+00,-1.715842e+00,4.217436e-01,4.467484e-01,-7.004204e-02,1.581648e+01,1.021950e+02,-1.485158e+02,6.276565e+00,8.593993e+01,-8.476729e-01,-5.602178e-02,-5.275530e-01,-5.191320e-01,-1.173334e-01,8.466019e-01,-1.093278e-01,9.915112e-01,7.037772e-02,5.684113e-02,2.585036e-01,4.006622e-01,1.556877e+00,-3.784791e-01,-8.157212e+00,
1.454054e-01,6.208702e-01,1.617491e-01,1.972864e-01,-1.089917e+01,-2.319465e+00,-7.626650e-01,7.695093e-02,4.432858e-01,1.581614e+01,1.022060e+02,-1.478009e+02,3.832165e+00,8.161356e+01,-8.443094e-01,2.176711e-02,-5.354137e-01,-5.316718e-01,-1.586500e-01,8.319587e-01,-6.683403e-02,9.870949e-01,1.455226e-01,5.525321e-02,2.577335e-01,4.046786e-01,8.380591e-01,-3.054372e-01,-1.110924e+01,
1.757162e-01,6.027966e-01,2.190651e-01,1.118457e-01,-1.090613e+01,-2.925262e+00,-1.203951e+00,9.711529e-02,6.406917e-01,1.581554e+01,1.022060e+02,-1.465251e+02,4.138379e-01,7.472845e+01,-8.341062e-01,1.394685e-01,-5.336810e-01,-5.515566e-01,-2.235475e-01,8.036242e-01,-7.222772e-03,9.646632e-01,2.633871e-01,5.971076e-02,2.523426e-01,4.111900e-01,-5.319726e-02,2.553868e-02,-1.129203e+01,
2.136442e-01,5.892090e-01,2.540562e-01,3.290159e-01,-1.069841e+01,-2.917282e+00,-5.891829e-01,2.017317e-01,8.038718e-01,1.581543e+01,1.021950e+02,-1.440703e+02,-3.604033e+00,7.125579e+01,-8.081367e-01,2.367628e-01,-5.393127e-01,-5.856308e-01,-2.252745e-01,7.786449e-01,6.286077e-02,9.450898e-01,3.207083e-01,5.440804e-02,2.563193e-01,4.073932e-01,-1.225548e+00,-5.412960e-02,-1.102587e+01,
2.318969e-01,5.576430e-01,2.994303e-01,2.602771e-01,-9.599770e+00,-2.339865e+00,-9.595067e-01,1.583371e-01,4.807667e-01,1.581533e+01,1.022100e+02,-1.422337e+02,-5.800966e+00,6.557648e+01,-7.864676e-01,3.259813e-01,-5.246000e-01,-6.093056e-01,-2.704990e-01,7.453705e-01,1.010731e-01,9.058514e-01,4.113609e-01,5.553065e-02,2.542565e-01,4.098787e-01,-2.106552e+00,6.940736e-01,-9.632187e+00,
2.480789e-01,5.411127e-01,3.269281e-01,-1.459396e-02,-6.977184e+00,-1.769604e+00,-4.460751e-01,1.054234e-01,3.740939e-01,1.581476e+01,1.022060e+02,-1.407484e+02,-7.425045e+00,6.282464e+01,-7.678813e-01,3.780014e-01,-5.171784e-01,-6.274220e-01,-2.809279e-01,7.262378e-01,1.292291e-01,8.821534e-01,4.528857e-01,5.135840e-02,2.564207e-01,4.114935e-01,-1.710978e+00,6.840887e-01,-6.958261e+00,
2.535890e-01,5.536768e-01,3.094838e-01,2.383261e-02,-8.557384e+00,-1.977380e+00,2.890012e-01,-2.045544e-01,2.347112e-02,1.581341e+01,1.022100e+02,-1.417593e+02,-8.021297e+00,6.459586e+01,-7.777333e-01,3.645373e-01,-5.120974e-01,-6.129106e-01,-2.589250e-01,7.465245e-01,1.395412e-01,8.944668e-01,4.248033e-01,5.610177e-02,2.559639e-01,4.069275e-01,-2.125410e+00,7.249504e-01,-8.490967e+00,
2.428085e-01,5.666344e-01,2.823057e-01,-1.940501e-02,-1.131620e+01,-3.095747e+00,5.153794e-01,-5.479722e-01,-5.413470e-01,1.581151e+01,1.021950e+02,-1.459245e+02,-6.413536e+00,6.806048e+01,-8.231167e-01,2.951612e-01,-4.851379e-01,-5.567775e-01,-2.514228e-01,7.916977e-01,1.117037e-01,9.217735e-01,3.712894e-01,6.561820e-02,2.538004e-01,4.020795e-01,-1.822264e+00,4.050577e-01,-1.158255e+01,
1.985306e-01,6.022182e-01,2.417812e-01,-3.887939e-01,-1.378060e+01,-4.494726e+00,7.890284e-01,-2.252629e-01,-1.056262e+00,1.581032e+01,1.022060e+02,-1.491847e+02,-1.138320e+00,7.283318e+01,-8.586537e-01,1.675010e-01,-4.844147e-01,-5.121713e-01,-2.437622e-01,8.235659e-01,1.986612e-02,9.552611e-01,2.950965e-01,6.894489e-02,2.477407e-01,4.156565e-01,2.028865e-01,-1.433845e-01,-1.449817e+01,
1.540585e-01,6.172273e-01,1.571997e-01,-5.553709e-01,-8.816321e+00,-2.775036e+00,1.530202e+00,3.121859e-01,-6.914946e-01,1.580856e+01,1.022060e+02,-1.483520e+02,3.137679e+00,8.161301e+01,-8.500118e-01,3.043436e-02,-5.258839e-01,-5.239124e-01,-1.525799e-01,8.379950e-01,-5.473547e-02,9.878226e-01,1.456396e-01,5.875386e-02,2.549293e-01,3.994874e-01,1.663100e+00,-6.893073e-01,-9.082718e+00,
1.031077e-01,6.358095e-01,8.233600e-02,-7.181870e-01,-7.154704e+00,-1.488056e+00,1.416595e+00,2.484990e-01,-8.574488e-01,1.580810e+01,1.022060e+02,-1.472689e+02,8.204011e+00,8.980472e+01,-8.326083e-01,-1.181967e-01,-5.411036e-01,-5.351642e-01,-8.002323e-02,8.409492e-01,-1.426982e-01,9.897606e-01,3.373398e-03,4.808814e-02,2.589602e-01,3.972504e-01,2.248823e+00,-2.944893e-01,-6.983979e+00,
9.111416e-02,6.303542e-01,7.287364e-02,-2.931571e-01,-5.240368e+00,-9.558889e-01,2.099349e-01,-1.365428e-01,-1.506997e-01,1.580805e+01,1.022060e+02,-1.480527e+02,9.124537e+00,9.086143e+01,-8.377979e-01,-1.425016e-01,-5.270559e-01,-5.224431e-01,-7.114455e-02,8.497010e-01,-1.585809e-01,9.872344e-01,-1.484419e-02,5.283532e-02,2.600604e-01,3.944868e-01,1.496174e+00,-2.862382e-01,-5.112793e+00,
1.421706e-01,6.279233e-01,1.249265e-01,2.339491e-01,-8.133300e+00,-1.696195e+00,-9.012391e-01,-2.412409e-01,8.563447e-01,1.580688e+01,1.022060e+02,-1.493173e+02,4.233007e+00,8.552325e+01,-8.576607e-01,-2.345595e-02,-5.136808e-01,-5.088907e-01,-1.046777e-01,8.544430e-01,-7.381272e-02,9.942296e-01,7.784151e-02,6.007072e-02,2.570068e-01,3.925012e-01,8.614283e-01,-7.169815e-01,-8.235669e+00,
1.876792e-01,6.059739e-01,2.159171e-01,2.241476e-01,-1.345339e+01,-3.879374e+00,-1.756701e+00,-1.248638e-01,8.145227e-01,1.580703e+01,1.022060e+02,-1.493027e+02,-4.044103e-01,7.541846e+01,-8.598549e-01,1.343966e-01,-4.925314e-01,-5.104898e-01,-2.129931e-01,8.330871e-01,7.058233e-03,9.677663e-01,2.517512e-01,6.884436e-02,2.486774e-01,4.051963e-01,-9.011030e-02,-4.808028e-01,-1.399479e+01,
1.203413e-01,6.064010e-01,1.894803e-01,-1.632013e+00,-1.045911e+01,-4.015002e+00,5.055078e-01,7.934970e-01,-9.449601e-01,1.580639e+01,1.022180e+02,-1.462240e+02,6.038880e+00,7.835375e+01,-8.266052e-01,2.658162e-02,-5.621544e-01,-5.528620e-01,-2.250800e-01,8.022985e-01,-1.052033e-01,9.739777e-01,2.007482e-01,4.941295e-02,2.535523e-01,4.152457e-01,3.328062e+00,3.518319e-02,-1.082125e+01,
